Image File,Follows Benford's Law,Chi-square Statistic,P-value,Probability 1,Probability 2,Probability 3,Probability 4,Probability 5,Probability 6,Probability 7,Probability 8,Probability 9
easy_100_1111.jpg,True,0.00023433885404247374,1.0,0.30390873958498293,0.17884796506055226,0.12622486712952544,0.09602235946846253,0.07707737742993913,0.06558647763358588,0.056643245901366074,0.04996985583588239,0.045719111955703357
easy_10_0001.jpg,True,0.0007152434725833218,0.9999999999999993,0.30020586020952733,0.16928321197489674,0.12202148613846808,0.09695154645189788,0.08119393365244906,0.06984800793436921,0.06029953910649446,0.0530763738599206,0.04712004067197662
easy_11_1111.jpg,True,0.0006713938728774844,0.9999999999999994,0.3089811308172571,0.1798838007329834,0.1240514699957488,0.09310945570840708,0.07645478314749415,0.06448475822383502,0.0565380842958719,0.050730899502360385,0.04576561757604217
easy_12_1110.jpg,True,0.0002633290025268456,1.0,0.3069980186684229,0.17748340322181744,0.12377903567786272,0.095317888395177,0.07726081604183861,0.06556456834482395,0.057316893561089204,0.050328045151017485,0.045951330937950695
easy_13_1010.jpg,True,0.0006666060318550097,0.9999999999999994,0.29248648378331826,0.17879468130622497,0.13001683623290677,0.10026726825175447,0.07963038078780234,0.0668476237574249,0.05707371825147664,0.050166973200940164,0.044716034428151516
easy_14_1111.jpg,True,0.01387295418644793,0.9999999999040743,0.28392798108684,0.1476271040473829,0.11800445048213556,0.10183881031556197,0.08999863874141921,0.0785779570564589,0.06817960834645975,0.06037876325490817,0.05146668666883357
easy_15_0011.jpg,True,0.00020315537814222584,1.0,0.29800404525349516,0.17293458691738348,0.1256084550243382,0.09855026560867729,0.08099119823964793,0.06792191771687671,0.059284079038029826,0.051049098708630614,0.045656353492920805
easy_16_1111.jpg,True,0.0011346763602288286,0.9999999999999957,0.3078885214926783,0.1835922087304454,0.12620522937564255,0.09382033399094168,0.07504237405874017,0.06390563783378254,0.0555753146794854,0.04932340437355859,0.04464697546472533
easy_17_0011.jpg,True,0.0014525738185341551,0.9999999999999885,0.30223821498534253,0.18650124345276964,0.1284104644539228,0.09640579629603901,0.07615210414437945,0.06409825360879169,0.054306236714506025,0.04830431943537519,0.04358336690887367
easy_18_0011.jpg,True,0.007405317687330962,0.9999999999921917,0.29713031641525683,0.1541045087090591,0.11620690613106648,0.09738033725032641,0.08585437675361836,0.0751784870961469,0.0661999611078701,0.05729366336083563,0.05065144317582021
easy_19_0111.jpg,True,0.0006392798820268599,0.9999999999999996,0.30933282952186997,0.17123940398362983,0.12023405006070743,0.09506477774412861,0.0789141010716181,0.06772559686377363,0.05843749913175874,0.051988897625325416,0.04706284399718829
easy_1_1110.jpg,True,0.0007305201204894702,0.9999999999999992,0.2910955954468039,0.17380939812126484,0.12704939667651136,0.10026033346021232,0.08239817961063894,0.0689869777702453,0.05902651400438427,0.05183886553512835,0.04553473937481072
easy_20_1111.jpg,True,0.010419916803177609,0.9999999999694286,0.3161028108522566,0.15304393241508826,0.10826976180819087,0.09094848900717298,0.0804640489829482,0.07320494941132676,0.06583472699896101,0.059042343358465615,0.053088937165589704
easy_21_0011.jpg,True,0.004993437763957953,0.9999999999983842,0.27946386149755353,0.1863120194939248,0.1360462563940129,0.1052216266980081,0.08282139552717785,0.06688116652357415,0.05546710678036271,0.04700658781296279,0.040779979272423154
easy_22_1010.jpg,True,0.0006732801084348495,0.9999999999999994,0.2939909810535441,0.18147642876393755,0.12916042666340657,0.09901113892678427,0.07960901227810363,0.06649180765137855,0.05679769052732774,0.0490568449246893,0.044405669210828294
easy_23_1100.jpg,True,0.0008914199079913874,0.9999999999999983,0.2904257417764849,0.176723263677611,0.12902284718807044,0.1009188331624587,0.08209761803546968,0.06856101335600548,0.057919552780810915,0.0496203249118537,0.044710805111235215
easy_24_0011.jpg,True,0.004043547322390462,0.999999999999305,0.2938945824385555,0.15918201795204454,0.12152495145280434,0.09930853236062996,0.08537916818304307,0.07219988943185196,0.06349612039148902,0.05553965868335005,0.04947507910623154
easy_25_0110.jpg,True,0.004048864071237449,0.9999999999993013,0.29649222733145325,0.19255657585818875,0.13410944250725865,0.09808982676465276,0.0754483697539697,0.062473083922592834,0.05267910478863065,0.0464776405540197,0.041673728519233705
easy_26_1100.jpg,True,0.002270605880019677,0.9999999999999308,0.3181670413088116,0.18083962445019297,0.1198725197902745,0.09088660985443138,0.07393185310323173,0.06334554972367247,0.056496405936109856,0.05057530029258209,0.04588509554069336
easy_27_1000.jpg,True,0.012942673250173096,0.9999999999273029,0.2624729453015817,0.18818400806848207,0.14389626554863733,0.11054431691575049,0.08647223403043462,0.06849041034232703,0.05505961063461501,0.04566027356155135,0.03921993559662035
easy_28_1100.jpg,True,0.0024381695734514534,0.9999999999999081,0.2961592215637078,0.1876821681517973,0.1331477267359635,0.09801862178765827,0.07805479840289413,0.06348968188474052,0.05367587197590448,0.047124070230424475,0.04264783926690951
easy_29_0011.jpg,True,0.010636290493566273,0.9999999999668119,0.32116832931907646,0.153647417679954,0.10764042259429336,0.08904427350284887,0.08022957660007723,0.07204271502665523,0.06478649431753467,0.05815533090533299,0.053285440054227196
easy_2_1111.jpg,True,0.0007043144522144804,0.9999999999999993,0.2952075860670199,0.18134156472356588,0.12982499034515715,0.09893504999680487,0.07916415455527988,0.06588075782875782,0.055678575695357065,0.04932443883830708,0.044642881949750364
easy_30_1001.jpg,True,0.0027137770698311505,0.9999999999998589,0.28990120258196517,0.16483379016251257,0.12316596520685189,0.10117700694417418,0.08368869639670193,0.0724718257785092,0.0626588014210816,0.05417456619760595,0.04792814531059751
easy_31_0011.jpg,True,0.013787717463757173,0.999999999906407,0.3214803620341921,0.1487251573759744,0.10634615491463083,0.08964735558358289,0.0805826105798881,0.07297078057372085,0.06553674513704072,0.05992232599745532,0.054788507803514776
easy_32_1100.jpg,True,0.013730886267527958,0.9999999999079385,0.25606845680470086,0.17120313389917624,0.1387333824162696,0.1121508050064595,0.09128314834622918,0.07410782502396265,0.061658354980760416,0.05130092933446317,0.043493964187978386
easy_33_0010.jpg,True,0.015080767873293,0.9999999998661115,0.30325061186844204,0.14380089064709428,0.10925567349977637,0.09757947344588194,0.08651166925489565,0.0765939832705028,0.06844592360881535,0.0606562341129505,0.05390554029164109
easy_34_1100.jpg,True,0.0014638357306172285,0.999999999999988,0.31535684809883874,0.17346516274429707,0.11933840754295433,0.09134688864249609,0.07629377061571338,0.06638155499792975,0.05856460447008412,0.052431646839456565,0.04682111604823
easy_35_0110.jpg,True,0.006642821837216859,0.9999999999949426,0.2794045740448514,0.18660124908319073,0.14046073833707465,0.10627208676905296,0.0816349209877092,0.06575467294912542,0.05397506278754473,0.045562643077812104,0.04033405196363879
easy_36_1111.jpg,True,0.005162684535434764,0.9999999999981538,0.3236902853745871,0.18670881680523801,0.12259745599097735,0.08789581730248373,0.07052277468658243,0.060808427064611384,0.053858098854668135,0.04861896256212099,0.045299361358730826
easy_37_0010.jpg,True,0.00473963841801519,0.9999999999986883,0.3245615740830766,0.16863390012250645,0.11358932832566163,0.08891858181404018,0.07457893611051694,0.0661257121903656,0.05967537175573155,0.05363338620649423,0.05028320939160678
easy_38_0010.jpg,True,0.00073882964085173,0.9999999999999992,0.31187944100017506,0.1771147983782447,0.12295995353709946,0.09301472529365831,0.07729459201849624,0.06470347943766552,0.056661396054543886,0.0509535732249199,0.04541804105519692
easy_39_0011.jpg,True,0.02160605905469711,0.9999999994373759,0.3285393220969933,0.1403560921539158,0.10217994627225575,0.08855354578109417,0.08094998652639299,0.0736659045513011,0.06757361173231693,0.06194525548459147,0.05623633540113845
easy_3_1100.jpg,True,0.0004809426034991269,0.9999999999999999,0.2960056229094667,0.18067208214337308,0.12865461334163064,0.09886763937814622,0.07902632543977597,0.06586360555178966,0.05695418328906866,0.04940881663314405,0.044547111313604996
easy_40_1111.jpg,True,0.00742271117993921,0.9999999999921181,0.3104515426456943,0.1561258563308757,0.11158553863420434,0.0925698538195274,0.08130490101842952,0.07262352555519132,0.06510892695421235,0.05813049010184295,0.05209936494002211
easy_41_0001.jpg,True,0.0011281462286620908,0.9999999999999958,0.3093792463368615,0.18238303382619786,0.12578466052924814,0.09351736326274283,0.0751551258930333,0.06430951262820638,0.054800496847463936,0.04944854933322959,0.04522201134301649
easy_42_0001.jpg,True,0.0007492713348649014,0.9999999999999992,0.299135324975549,0.18237919000622388,0.1286315239619454,0.09890693073708544,0.07762069885302747,0.06475060016004268,0.055831555081355025,0.049015848670756645,0.0437283275540144
easy_43_1100.jpg,True,0.0007912493615441034,0.999999999999999,0.2911949458383457,0.1765733828599687,0.12970736870764932,0.1011999188755935,0.08126609638801915,0.06739160029004754,0.057609441547364706,0.0503221361278654,0.04473510936514596
easy_44_0011.jpg,True,0.0013081587841363529,0.9999999999999923,0.28789748035521767,0.17877585497871584,0.12963611305613906,0.10200004445778178,0.08244417769775376,0.06782312471519233,0.057539484067442456,0.049948317828681935,0.04393540284307514
easy_45_1010.jpg,True,0.0008577316016755871,0.9999999999999986,0.2973926572115184,0.1815805192459959,0.1302087818972343,0.09874008529080831,0.07929266971342844,0.06483490533275917,0.05576685326924947,0.048382391754295796,0.04380113628471016
easy_46_1100.jpg,True,0.00011673043158898404,1.0,0.3011794779177839,0.1781025548408608,0.12702518720217834,0.09657548519748267,0.07803170281046387,0.06634528556146761,0.057465164418388184,0.05001041941623484,0.04526472263513983
easy_47_1110.jpg,True,0.0006285048685103758,0.9999999999999996,0.2925339215664485,0.17677275606476492,0.12903808327869581,0.10054230055452454,0.08076166557391623,0.06780701656905998,0.058000044450865124,0.05050729549823863,0.044036916443486285
easy_48_0011.jpg,True,0.00012498444777903948,1.0,0.29802354850001944,0.17729164467213798,0.12651901160755463,0.09778628541582161,0.07986375431324283,0.06795892625952248,0.0573932177208297,0.05025587740110797,0.04490773410976335
easy_49_1000.jpg,True,0.0015895743477163011,0.9999999999999833,0.30483115410903716,0.18606667148263195,0.1284028962474369,0.0956700767405547,0.07489011263801908,0.06330123307234506,0.054268519701928794,0.04885055874458898,0.04371877726345738
easy_4_0011.jpg,True,0.006027374622813235,0.9999999999965713,0.2721784332084027,0.17069010065762238,0.13334981788277261,0.10608918882125284,0.0877996738281847,0.07231345833807959,0.06117249599230968,0.0525570036645709,0.0438498276068046
easy_50_0110.jpg,True,0.0017159875234373663,0.9999999999999775,0.29174989373789795,0.16752463475006876,0.12371686775438313,0.10086704319103008,0.08411791342902941,0.07111087651649216,0.06141810595095552,0.052706002628077085,0.0467886620420659
easy_51_1110.jpg,True,0.007485228770535463,0.9999999999918494,0.2838550572325418,0.15713439707734525,0.12127404614747285,0.10234296152338374,0.08812727116019273,0.07561590667078151,0.0658904060076792,0.05674598871752953,0.049013965463073406
easy_52_1100.jpg,True,0.0011058322509583981,0.9999999999999961,0.2923526110799353,0.1695632365278943,0.12484512426173583,0.09966219031797448,0.08234110999372163,0.07047054444030826,0.060452931665768435,0.052966113466271815,0.04734613824638994
easy_53_0001.jpg,True,0.0025238431826832873,0.9999999999998944,0.29479182584776964,0.18741091646638788,0.133573204784463,0.09911784726949419,0.07797952294291707,0.06306489032132587,0.054679577122376116,0.04692774682911243,0.042454468416153815
easy_54_1010.jpg,True,0.0027141216656983817,0.9999999999998589,0.3186849220662652,0.18244469330873098,0.12220409773882403,0.0912695876417577,0.07317073170731707,0.06182733696996307,0.0550107403774277,0.049411293930644674,0.04597659625906957
easy_55_0011.jpg,True,0.0006679972423403802,0.9999999999999994,0.30298870759791935,0.18230949628773396,0.12782310052016183,0.09568532432312275,0.07788534210643311,0.064339461165696,0.055975748010492155,0.04932645711999289,0.04366636286844796
easy_56_1110.jpg,True,4.751817459232622e-05,1.0,0.3011940082897179,0.17758442510917757,0.1259348157037926,0.0967402295785134,0.07851896300741185,0.06594548343723261,0.05793079307930793,0.0507661877298841,0.04538509406496205
easy_57_0010.jpg,True,0.003805749255081228,0.9999999999994545,0.3237698656317972,0.17259244237890334,0.11512552051358266,0.08827965920423578,0.07508729627397001,0.06530622449518168,0.05827529786294277,0.053369483389401104,0.048194210249985416
easy_58_0011.jpg,True,0.004934675683406936,0.9999999999984589,0.32225284188770237,0.16888257975620327,0.11207816163479382,0.0887291233762626,0.07514195548542664,0.06662184836598402,0.06054915382307513,0.05553765292856111,0.05020668274199104
easy_59_0010.jpg,True,0.0005960729354083415,0.9999999999999997,0.30747343618014494,0.18146201040323656,0.12359678566665185,0.0942404303561108,0.07695171831236385,0.0649646556706531,0.05687880673987463,0.04991552927577469,0.04451662739518961
easy_5_1100.jpg,True,0.00036951540279731444,1.0,0.3060979506773185,0.17954567558179924,0.12505731156651614,0.09547759638763459,0.07651545675581799,0.06503369225425495,0.05658353594998263,0.05067315039944425,0.045015630427231675
easy_60_1111.jpg,True,0.0010923829835205168,0.9999999999999963,0.2904559358339283,0.171444764558636,0.12651795710963742,0.10015808146335094,0.08244128898902876,0.0706365765500457,0.060498803970650744,0.05223911696639171,0.04560747455833039
easy_61_0111.jpg,True,0.00019785915302209068,1.0,0.2991137658008057,0.179605500763995,0.12625642450340324,0.09851923878316433,0.0785748020558411,0.06592026670370885,0.0569829142936519,0.050062508681761354,0.04496457841366856
easy_62_0001.jpg,True,0.003028059735710849,0.9999999999997813,0.2799222114182525,0.1746242533685234,0.13186553688012223,0.10470343103208779,0.08414779830532018,0.06968745659119323,0.05956105014585359,0.05135991109876372,0.04412835115988332
easy_63_1110.jpg,True,0.0007886332843215396,0.999999999999999,0.3113986455128793,0.17677529797882954,0.12175655358894623,0.09274096059092767,0.0763865151553047,0.0651148701787734,0.05768936835991452,0.05204798786130541,0.046089800773119236
easy_64_1111.jpg,True,0.0006637281508652309,0.9999999999999994,0.29513803037585046,0.17123434187972453,0.1238175670982923,0.0993340871270735,0.08238761852110113,0.06961942676486359,0.0596154540681248,0.052920209913961944,0.04593326425100776
easy_65_1111.jpg,True,0.00808601808158234,0.9999999999889031,0.27868187551046486,0.15847607829628355,0.12352555519132362,0.10404038159159476,0.08990849135751709,0.0761349683025619,0.06481167665835107,0.055905279943105735,0.04851569314879739
easy_66_1101.jpg,True,0.0011128177173015863,0.999999999999996,0.29184436078736437,0.18149943739841917,0.13008182032867047,0.10000138913970578,0.08140914331754344,0.06666759275980386,0.056501868392904275,0.048892161084640284,0.04310222679094836
easy_67_0101.jpg,True,0.0010634963011105654,0.9999999999999967,0.31308766977126723,0.1779291795407562,0.12157123168915464,0.09229610776446528,0.0756996465645631,0.06484373263387201,0.05680807788916798,0.05156489652566297,0.04619945762109054
easy_68_1100.jpg,True,0.0005728023819467184,0.9999999999999997,0.29265826160881475,0.17329736457540382,0.12683154508226324,0.10013835562396164,0.0818048463363542,0.06881664268132089,0.0589872812842069,0.05143328647393191,0.04603241633374266
easy_69_1011.jpg,True,0.0006457113326246628,0.9999999999999996,0.30907979551011333,0.18017892865081128,0.12374138697488331,0.09393754167592798,0.07664758835296732,0.06454767726161369,0.05640975772393865,0.050236163591909314,0.045221160257835076
easy_6_1110.jpg,True,0.0009332996616995691,0.999999999999998,0.29031505250875145,0.17878257487359003,0.1298160804578541,0.10092237595154747,0.08105517586264377,0.06769183752847698,0.057231760849030394,0.05031671945324221,0.043868422514863586
easy_70_0011.jpg,True,0.0005297990782448226,0.9999999999999998,0.29380631287663467,0.1722857992226288,0.12720215819143113,0.09978301396656582,0.08142393958842112,0.06845756547782769,0.05966143510839578,0.051445971588999,0.045933803979095994
easy_71_1100.jpg,True,0.0014145708049531746,0.9999999999999896,0.3005603922745922,0.16664720860157667,0.12121262661640926,0.09577259637301666,0.08141532406017546,0.0705994195937156,0.06183495113245939,0.05408508177946785,0.0478723995685869
easy_72_1111.jpg,True,8.854619803939233e-05,1.0,0.29984024893383526,0.1788989678691986,0.12607276313778876,0.0969813994193396,0.07864475530304083,0.06645922180393682,0.05721032964285218,0.05070359926097768,0.04518871462903024
easy_73_1110.jpg,True,0.004482757787225471,0.9999999999989503,0.3257708179910795,0.18127249232308354,0.11730050438383192,0.08804902110630966,0.0720393502758132,0.06260473259319985,0.055765676888660395,0.05087468215481666,0.04632272228320527
easy_74_0010.jpg,True,0.00530687191976686,0.9999999999979389,0.28263291392439527,0.16116360282371767,0.1254754119310684,0.10377245791788327,0.08730632780572911,0.07407397117941053,0.06325583204380596,0.05517695464104837,0.047142527732941426
easy_75_1100.jpg,True,0.000558379641703403,0.9999999999999998,0.30233378810571093,0.18102626657812035,0.12857924848633043,0.09658587278784729,0.07689080183502044,0.06462861953891083,0.05625932584394546,0.04969615462631326,0.043999922197800974
easy_76_1111.jpg,True,0.0009083879276847572,0.9999999999999982,0.3119315513489931,0.17447292148913052,0.12061879447897939,0.0923023056124448,0.07726038664928958,0.06588377178966323,0.058300288166819966,0.05189503725049394,0.04733494321418548
easy_77_0111.jpg,True,0.003180607537212276,0.9999999999997339,0.3218048830626231,0.1730323157739757,0.11647068301206459,0.08916909041916334,0.07498215173662909,0.0651426888790735,0.0579144894563294,0.05298086832843027,0.04850282933171102
easy_78_1111.jpg,True,0.0016706239274818973,0.9999999999999797,0.3157188349255573,0.17525300521849313,0.11874989579686224,0.09143200120042015,0.07554866425471136,0.06538399550953945,0.058214819631315404,0.05153192506266082,0.04816685840044015
easy_79_0001.jpg,True,0.000823217319004793,0.9999999999999988,0.3115948674765093,0.17673967478454686,0.12159867490405005,0.0930485266367075,0.07640145293658271,0.06502641576552916,0.05690297729717111,0.05192275090808537,0.04676465929081799
easy_7_1100.jpg,True,0.000705045325050387,0.9999999999999993,0.30838060526593586,0.17215965597515376,0.12009478462333391,0.09400401140082339,0.07836399295504676,0.06759932661803353,0.05887925239045042,0.053006606032657916,0.04751176473856445
easy_80_0001.jpg,True,0.00016267209478640352,1.0,0.3019878589189715,0.1730673593843333,0.1230166557850723,0.09633406031644602,0.08050342422937475,0.06827621653909734,0.058402211510411604,0.05191492908441802,0.0464972842318752
easy_81_1111.jpg,True,0.006142715637631826,0.9999999999963014,0.2746867056395766,0.16707920103680549,0.1288469988819855,0.1063865882758659,0.088726409059811,0.07437855637073583,0.06228620058626233,0.052352002135908286,0.04525733801304906
easy_82_0001.jpg,True,0.0014611174816941397,0.9999999999999881,0.3112388087073953,0.18350385408388398,0.12447551670288265,0.09230350285374488,0.07513935278066455,0.06307693162682909,0.05556327422070813,0.04997804811630608,0.04472071090758535
easy_83_1110.jpg,True,0.00023255390069421383,1.0,0.3038679098506401,0.17977084815078237,0.1251472483997155,0.09547530672119488,0.07719983552631579,0.06590338282361309,0.05659895092460882,0.0507506890113798,0.04528582859174964
easy_84_0011.jpg,True,7.45358601471652e-05,1.0,0.3030264298575144,0.17718174139195766,0.12498888567808478,0.09583601929446285,0.07805032564963212,0.06690821792962412,0.05841687598639607,0.050817458376864424,0.04477404583546358
easy_85_1111.jpg,True,0.0008031470674330502,0.9999999999999989,0.30698025880797203,0.18280188244184042,0.12521460837097662,0.09401930225192939,0.07652559465270949,0.0646269842592747,0.055742614416126324,0.049347423866117714,0.044741330933053304
easy_86_0011.jpg,True,0.00017335268828576642,1.0,0.2975530605497348,0.17752327607044918,0.12730086491682852,0.09850271866725568,0.07999022002172711,0.06654552829942292,0.057535167634940085,0.050039036561004,0.04501012727863769
easy_87_0110.jpg,True,0.002129143295219571,0.9999999999999465,0.2870129328906608,0.18192173586897634,0.13389361968133134,0.10192395849250559,0.08084237431758512,0.06620917665689638,0.0566963479517135,0.04874213399641602,0.04275772014391487
easy_88_0011.jpg,True,0.0003021754681609124,1.0,0.29592114547970017,0.17691982864477127,0.12837751490468227,0.09901542974935686,0.08020747095462198,0.06741416958833629,0.05721842235396745,0.050403662690232644,0.04452235563433105
easy_89_0010.jpg,True,0.0005362376510170357,0.9999999999999998,0.30178308941011056,0.18234638672227765,0.12725595405147813,0.0963346217221804,0.07727832255662288,0.06489923057899695,0.055721196728918725,0.05006377107988474,0.044317427149529985
easy_8_0010.jpg,True,0.0031645797119449156,0.9999999999997392,0.3209185133329444,0.17083503484983595,0.11547810530234212,0.08995396876987996,0.07543065729929745,0.0663744225261339,0.05897664547063252,0.053417895231031215,0.048614757217902455
easy_90_1111.jpg,True,0.001135511576826736,0.9999999999999957,0.3140984135012186,0.17639898957618336,0.12145927875303252,0.09260273058977515,0.07620140670114409,0.06407131880316466,0.05728236010104238,0.050888011360320576,0.0469974906141187
easy_91_1000.jpg,True,0.0013874149905273277,0.9999999999999903,0.31309456646499234,0.17306104979976156,0.11929542744864807,0.09128427746018158,0.07692435961214047,0.06611064946181573,0.059440666331314736,0.052887407905597504,0.047901595515548005
easy_92_0011.jpg,True,0.000182718044933451,1.0,0.29951434461528204,0.17953412645932776,0.12685385329206558,0.09733111806315743,0.07886898973677922,0.0657440696143096,0.05721453854403405,0.0498324655623656,0.04510649411267872
easy_93_1010.jpg,True,0.0020772042005015195,0.9999999999999516,0.316053525641916,0.1708109129194365,0.11702969911966597,0.09181142128524877,0.07624931592851765,0.0675237584623462,0.05841484317053589,0.054239576417382224,0.04786694705495073
easy_94_0001.jpg,True,0.0019081136822857447,0.9999999999999655,0.31627399056910477,0.18117655558365126,0.12065377166341096,0.09107177094650731,0.07473025805752458,0.06363214507017598,0.05628527207604736,0.05006099238359347,0.0461152436499843
easy_95_0101.jpg,True,0.0007148223483472926,0.9999999999999993,0.2940663345955001,0.1723732716973689,0.12388495484258104,0.09812397385286821,0.08208343635318074,0.07084894836413742,0.06017285109858513,0.05247761575495259,0.04596861344082586
easy_96_0011.jpg,True,0.0006116739690186961,0.9999999999999997,0.3076168400924938,0.17279771433653504,0.12041977943792245,0.09418912308786909,0.07797491995731057,0.0673748221273568,0.05987915777303451,0.05275869352543579,0.04698894966204198
easy_97_1111.jpg,True,0.01659069715777459,0.9999999998040047,0.2794045740448514,0.14553652790434068,0.11862956459893761,0.10397728535549974,0.0910447180672549,0.07948736470117573,0.06921632253906163,0.06031771608916943,0.052385926699708846
easy_98_0001.jpg,True,0.005338566718232989,0.9999999999978892,0.29076654665066454,0.1579599502155843,0.12036882695470508,0.10113570698315331,0.08608647819709295,0.07397375205582966,0.06398908743388007,0.05628250433391119,0.049437147175178914
easy_99_0101.jpg,True,0.0017779493101806622,0.999999999999974,0.3060675381566403,0.1654515283502934,0.11895198837025074,0.0949697998982675,0.08025749999305105,0.07030383553800099,0.06136193703146759,0.054613124605647545,0.04802274805638094
easy_9_1010.jpg,True,0.003838279096157044,0.9999999999994357,0.2811250670245011,0.16673473299939157,0.12832309560124797,0.10340526138860875,0.0870304464873605,0.07229478000683441,0.06159030735421998,0.05260832965219493,0.04688797948564078
hard_100_1111.jpg,True,0.000673587036805023,0.9999999999999994,0.31079128293770114,0.17404389655574884,0.12096563529954481,0.09339272911189787,0.07733308137369875,0.06660349149358337,0.05814709625784363,0.05208061226191204,0.04664217470806956
hard_10_1111.jpg,True,0.0008990751277066374,0.9999999999999983,0.30836830549456656,0.17102915427586782,0.11905728023123315,0.09450543342319558,0.07878046746894195,0.06741613629415524,0.05994552680581418,0.05299185681331814,0.04790583919290737
hard_11_1100.jpg,True,0.00018847187354105577,1.0,0.29701152107659695,0.1735857024189538,0.1262512189226807,0.09848895260161857,0.08038083172893938,0.06786516978794219,0.05897502146137369,0.05190735354175175,0.04553422846014296
hard_12_1101.jpg,True,0.0005476787171977426,0.9999999999999998,0.3093123551544186,0.1787748773154452,0.12260952687944958,0.09394885874186502,0.07703422940761283,0.06485747472670383,0.05694619663986039,0.05078001256023075,0.04573646857441381
hard_13_1111.jpg,True,0.00010899727041228105,1.0,0.2987517051879388,0.17656161875470577,0.12525456268006924,0.09906065329188095,0.08002367120364737,0.06747404363614137,0.056974809060625506,0.05051245933248317,0.045386476852507844
hard_14_1111.jpg,True,5.7734575429432205e-05,1.0,0.29946348741515405,0.17755482514024068,0.12626244384121896,0.09741412603461354,0.07917103109883668,0.0668876435400384,0.057663294592920036,0.05058110619948488,0.04500204213749281
hard_15_1111.jpg,True,0.002576020348464921,0.9999999999998854,0.29263064836282965,0.16435922670180647,0.12230821837834231,0.09890021295168833,0.08426881953595436,0.07221175070752225,0.062292538906773866,0.05503383318599078,0.04799475126909198
hard_16_1111.jpg,True,0.00047277037831186037,0.9999999999999999,0.30799556589069754,0.17943973528700857,0.12296318522408088,0.09523611076382811,0.07704959479019939,0.06483078983266516,0.056493219646771516,0.05004486896317967,0.04594692960156917
hard_17_1010.jpg,True,0.0015609956013412003,0.9999999999999846,0.3050838505950015,0.16650590553917058,0.11890300683535929,0.09532254612269178,0.08057607151692718,0.0696155909569781,0.061115172607415766,0.054207540299154686,0.04867031552730113
hard_18_1111.jpg,True,0.016282876759358852,0.9999999998181284,0.3479442084765114,0.17036637841231392,0.10430492551037132,0.07994544186808822,0.06911993066339243,0.0630863124091971,0.05923890850401269,0.055116491612103906,0.05087740254400902
hard_19_1111.jpg,True,0.0012082888152805905,0.9999999999999944,0.28908461080807574,0.17210462226225626,0.12660205619220782,0.1009496961305999,0.08304836889133542,0.07017075625392695,0.060376319871891106,0.05191357097977726,0.04574999860992955
hard_1_1111.jpg,True,0.0003328160540040544,1.0,0.3057198827403198,0.1796184892396182,0.12450643955708074,0.09613348708615252,0.07681620517665365,0.06489573058060213,0.05666532364505328,0.05032718785167484,0.0453172541228448
hard_20_1111.jpg,True,0.001260115571676451,0.9999999999999934,0.30338402376235424,0.18376090937129233,0.12899801887762333,0.09742509662486767,0.07675251530298946,0.06207609399355927,0.055190790698449836,0.04871949474432963,0.043693056624534245
hard_21_1101.jpg,True,0.0015875726973711777,0.9999999999999835,0.31583524828626763,0.17694720842931252,0.11913739590482568,0.0913258884038601,0.0756154015010267,0.0648147890865744,0.057709781125742245,0.05173012640078691,0.04688416086160378
hard_22_1111.jpg,True,0.0005810816615996622,0.9999999999999997,0.30504462251464265,0.18090178601198084,0.1272936417084366,0.09535770252397835,0.07616946553007992,0.06485824155061849,0.0555975415939629,0.04984607177389777,0.0449309267924025
hard_23_1110.jpg,True,0.0014887878481276322,0.9999999999999872,0.3119911104937843,0.1705173970414612,0.11793041183415515,0.0930786860198625,0.07726092089728454,0.0676769220084728,0.05946246267101882,0.054020418084589204,0.048061670949371485
hard_24_1100.jpg,True,0.00598297269285674,0.9999999999966711,0.2843434413590965,0.15892983650279904,0.12343552487185543,0.10276014391087528,0.08673825167733959,0.07513092277986914,0.06453208129019711,0.05560571754017975,0.04852408006778813
hard_25_1111.jpg,True,0.001898139623710436,0.9999999999999662,0.28658741557925616,0.17067228221462247,0.12735551585901492,0.10270229724436246,0.08375537917450333,0.07135931635519081,0.0601828572063575,0.05176231341314005,0.045622622953552266
hard_26_0011.jpg,True,0.002308663359193256,0.9999999999999261,0.3185791772721715,0.18016205581922662,0.12016916938056442,0.08961697918171815,0.07449510386911047,0.06408874167768898,0.056161011014905136,0.0507841589880959,0.0459436027965188
hard_27_1111.jpg,True,0.0032978666557706557,0.9999999999996924,0.28826296035981475,0.16460025058130975,0.1225264818884163,0.10094648616663379,0.08635331964674146,0.07267413595286182,0.06237029916963688,0.0547667399149357,0.04749932631964952
hard_28_1111.jpg,True,0.001513505950093174,0.9999999999999863,0.31188557738007555,0.16950768367015112,0.11775234929361375,0.0935353776796956,0.07779559686371734,0.06798707019947803,0.05968498203113492,0.0534813460111343,0.04837001687099939
hard_29_1111.jpg,True,0.0002067507457977412,1.0,0.30582149346283566,0.17795367031355053,0.12361436009134805,0.09477638063910297,0.07859877424696202,0.06533552627923388,0.057578721016163716,0.05077484705869279,0.045546226892110395
hard_2_1111.jpg,True,0.0007698905791113726,0.9999999999999991,0.2948795239299119,0.1810377638930176,0.12984133775250245,0.10003417169749991,0.0789005047965395,0.06574579035246855,0.05642775186346879,0.0492378044545447,0.043895351260046615
hard_30_1101.jpg,True,0.0005998458305816265,0.9999999999999997,0.3079097144254605,0.17128636378794784,0.12044931579941974,0.09504885558976867,0.07903044720372614,0.06733623094965484,0.059026890027679274,0.052837959514890113,0.04707422270145288
hard_31_0011.jpg,True,0.0007420545281460884,0.9999999999999992,0.2929015947102295,0.1792104239595488,0.12995221425793188,0.10007223426126577,0.08053564482969383,0.06705284214035673,0.05618436406067678,0.04983886203256098,0.04425181974773573
hard_32_1111.jpg,True,0.00026318626005666164,1.0,0.2992689981301244,0.17978867349972355,0.12645415470789098,0.09897004031485036,0.07846809125437254,0.06574571359507886,0.05670751867791741,0.04974480227385759,0.04485200754618426
hard_33_1011.jpg,True,0.0044257642956067695,0.9999999999990027,0.2836329665074431,0.16389276598584226,0.12395526911377905,0.10207083317114402,0.08683986631893277,0.07342449299620199,0.06365142828544577,0.055182365665541536,0.04735001195566949
hard_34_1111.jpg,True,0.0008125825800208192,0.9999999999999989,0.30955907485473394,0.18087184631673137,0.12345459446391205,0.093917861817333,0.07582178476450367,0.06431443601208257,0.05648354763142026,0.04963360445954921,0.04594324967973389
hard_35_1111.jpg,True,0.0013029703197678956,0.9999999999999925,0.3026396988919714,0.16756639554342326,0.12018468996881064,0.09546670076555716,0.08054750957641395,0.06925595850313283,0.061575368740583426,0.05440070273365616,0.0483629752764512
hard_36_1101.jpg,True,0.0003665297182326739,1.0,0.3007068001733661,0.18054243579342766,0.1281269795405799,0.0962820755031506,0.07833146260960404,0.06490670459975773,0.05694131113654802,0.04971494615649623,0.04444728448706978
hard_37_1111.jpg,True,0.0009643430579455655,0.9999999999999978,0.29185374527672814,0.17908146254723273,0.13025950211158036,0.1007307179373194,0.08143198488553012,0.06700377861747055,0.05671538119582129,0.04893865303400756,0.043984774394309846
hard_38_1110.jpg,True,0.010861968101981652,0.9999999999639075,0.317454364632903,0.1515169193245049,0.10843035449880964,0.09070680301022577,0.08143388531917671,0.07294991568812105,0.06502154328241284,0.059382231445136165,0.053103982798709905
hard_39_1111.jpg,True,0.0014316919288882358,0.9999999999999891,0.30493775703012116,0.18572301878403913,0.12796487718128266,0.09515394020228965,0.0757891519395354,0.06314326997888185,0.05460431254862732,0.048560631321551626,0.044123041013671226
hard_3_1111.jpg,True,0.0006102791367033427,0.9999999999999997,0.29583768586224524,0.18085868912942013,0.12977574289333896,0.09853199386571244,0.07863445424843865,0.06652979352343698,0.05631153735025449,0.04965772453492766,0.04386237859222546
hard_40_1111.jpg,True,0.0015547243720088909,0.9999999999999848,0.28695661837842645,0.17872205644556322,0.13192858452664744,0.10146920721711926,0.08182050555398114,0.0678619256394441,0.0581014775423564,0.049494057045693235,0.043645567650768775
hard_41_1111.jpg,True,0.0001197195377528034,1.0,0.30394662991592153,0.17809292529633067,0.12388372390261794,0.09620674516951837,0.07805458152497069,0.06548171446671594,0.05737673033214597,0.05114169968491423,0.045815249706864646
hard_42_1111.jpg,True,0.027749648312522635,0.9999999984728587,0.356267171903779,0.15531874109283453,0.09382630992629798,0.07841639279592624,0.07252689859791145,0.06734303247833805,0.06295369246283646,0.058180979711803714,0.05516678103027255
hard_43_1111.jpg,True,0.0007402714946441691,0.9999999999999992,0.3118809955203806,0.1771506063603926,0.1221641119126752,0.09331614108022186,0.07655091537632137,0.06511287973944845,0.05732356635505708,0.050795882751797965,0.045704900903704854
hard_44_1111.jpg,True,0.000216882268112148,1.0,0.30628430105734095,0.17531574340377643,0.1222875244883498,0.09506620538257401,0.07801536687368875,0.06706959554277299,0.05794950884359413,0.051627693718477766,0.0463840606894252
hard_45_1111.jpg,True,0.004710736891266562,0.99999999999872,0.2757970189061914,0.17208384847264088,0.1326545070637754,0.10561351355105783,0.08696014558184116,0.07114895745065081,0.060813758039646046,0.051095336658007695,0.04383291427618875
hard_46_0011.jpg,True,0.003913138415754682,0.9999999999993904,0.2775129188198033,0.17308718119686614,0.1339167639050953,0.10496471634161249,0.08557259543257209,0.06996721675834862,0.0594210146135467,0.05074179029838306,0.04481580263377229
hard_47_1100.jpg,True,0.0008856026563307985,0.9999999999999984,0.310993775011116,0.17972432192085372,0.12245998221431748,0.0926439528679413,0.0762338817252112,0.06494553134726545,0.055985993775011116,0.050864273010226765,0.046148288128056915
hard_48_0011.jpg,True,0.0025846457120846738,0.9999999999998839,0.2886446988219604,0.18538841964881084,0.13454656590353412,0.10091687041564792,0.07973160702378307,0.06590631251389198,0.054609357635030005,0.04727439430984663,0.042981773727494996
hard_49_0010.jpg,True,0.007267067286820495,0.9999999999927582,0.29674579887970126,0.19748877478438695,0.1376061394149551,0.09770383213301324,0.07452265048457367,0.05948252867431315,0.05125255623721881,0.04447574908864586,0.04072197030319196
hard_4_1111.jpg,True,0.0012695582609782512,0.9999999999999932,0.3123759872388437,0.17196992013161333,0.11871321302127044,0.09240166517527137,0.07725890807632238,0.06731565520422852,0.059289910571862094,0.05294823839351716,0.047726502187070995
hard_50_1101.jpg,True,0.002687683482933212,0.9999999999998642,0.2911567536331738,0.16398247519773745,0.12354041011593374,0.10006195356538601,0.08461523502071139,0.07204949617582589,0.06270645400572862,0.05432466446449061,0.04756255782101254
hard_51_1111.jpg,True,0.003059147634666629,0.9999999999997722,0.2921075807119263,0.1626879064766789,0.12220484341011188,0.1004381127536095,0.08434434495614705,0.07283728709025901,0.062205343475398175,0.055157201079029765,0.04801738004683945
hard_52_1111.jpg,True,0.00047240531504259825,0.9999999999999999,0.3070114022804561,0.18016103220644128,0.1243915449756618,0.09455780044897868,0.07679035807161433,0.06473516925607344,0.056391833922340026,0.050473983685626014,0.04548687515280834
hard_53_1100.jpg,True,0.002949811034935542,0.999999999999803,0.2868084822656417,0.16540306875102445,0.12537817647402008,0.103275168008979,0.08582001439084765,0.07143194490361188,0.06104441993493559,0.054112920925348175,0.04672580434559148
hard_54_0001.jpg,True,8.748908241218873e-05,1.0,0.30322157644993164,0.17810072566037316,0.12464578216853546,0.09560269816751309,0.07850022781068376,0.06579561492215542,0.057638881171724804,0.05106293131230066,0.04543156233678198
hard_55_0011.jpg,True,0.005098382898239113,0.9999999999982441,0.32597541495937216,0.17173970414612125,0.1128967289395097,0.0874588513091187,0.07352177234530176,0.06590179873602334,0.05956246961594555,0.054098201263976665,0.048845058684630877
hard_56_0100.jpg,True,0.0008415587767214956,0.9999999999999987,0.3067086524885771,0.17128770108170005,0.11937610476815155,0.09405676423830753,0.07946270747406922,0.06795644295227402,0.06008271169859145,0.05314838078509411,0.04792053451323498
hard_57_0110.jpg,True,0.0006149407900666115,0.9999999999999997,0.30732982693039707,0.1810770936309608,0.12467735258242964,0.0941560877211993,0.07719087668408754,0.06501571213043152,0.055316145846357315,0.04992039742937877,0.045316507044758036
hard_58_0001.jpg,True,0.013555511202801924,0.9999999999125464,0.30365234011462355,0.14443509157936554,0.11097868935801379,0.09756890329785727,0.08625101052614033,0.07639438716972116,0.0676434391503524,0.06017596350715772,0.05290017529676826
hard_59_1110.jpg,True,0.0020699315108363278,0.9999999999999523,0.3173323846897824,0.17297088479539316,0.11766422465065089,0.09093081942792347,0.07580903360643892,0.0658482763220793,0.058427734483563636,0.053225017509143664,0.047791624515024514
hard_5_1111.jpg,True,0.0003706633693163888,1.0,0.30481292337443666,0.18057770640111584,0.12527159869521487,0.09504704006046023,0.07693953421171083,0.06470856279139553,0.05727328802520658,0.05023811773074081,0.04513122870971865
hard_60_1111.jpg,True,0.0038336017474515116,0.9999999999994384,0.277971799680489,0.17284989928457317,0.13354171007848858,0.10469681183579913,0.08519830520247273,0.071053691741335,0.059545738695561574,0.05061887893311107,0.04452316454816976
hard_61_0011.jpg,True,0.016956684146585525,0.9999999997861608,0.34918994599639974,0.17655621485876835,0.10591261639664866,0.0781552103473565,0.06775173900482255,0.061473542680623154,0.057212147476498436,0.05296742005022557,0.050781163188657025
hard_62_1010.jpg,True,0.00037084817489183133,1.0,0.30714428612710337,0.1794296129993109,0.12326894436170449,0.09476348722964412,0.0771528441549781,0.06551059194878521,0.05708037877609087,0.05046457865605619,0.04518527574632672
hard_63_1101.jpg,True,0.02753568464057022,0.9999999985192902,0.33517422236791294,0.13745829525156192,0.09770787091182345,0.08676254476055016,0.08017590305885752,0.07426431573654545,0.06864997458128572,0.06278283528395343,0.057024038047509384
hard_64_0010.jpg,True,0.002037243688769726,0.9999999999999551,0.2870283425104319,0.16907993799207677,0.1276635347850003,0.10234918906304695,0.0853414602977047,0.07022841807564299,0.06013823988620768,0.052203892719625285,0.045966984670263424
hard_65_0101.jpg,True,0.0009668273062171861,0.9999999999999978,0.29097420168580845,0.17177576636495473,0.12899434915237284,0.10087068615847933,0.08257905352469537,0.06903257710878855,0.05891994910347663,0.05150216976990993,0.04535124713151417
hard_66_1111.jpg,True,0.002122026338925681,0.9999999999999473,0.29509991331214297,0.18623719131343217,0.13249627686767876,0.09976327546733646,0.07800517904376625,0.06423236791215631,0.05437162417479829,0.047108737691435684,0.042685434217253106
hard_67_0001.jpg,True,0.0009416167206805646,0.999999999999998,0.2894919624153317,0.1739985664038407,0.12819850305889413,0.10139636711174826,0.08160940616890874,0.06918212783454744,0.05926642106608434,0.05078986703117794,0.046066778909466734
hard_68_1100.jpg,True,0.0005944242123687583,0.9999999999999997,0.29468668824403726,0.17171790134603898,0.12427732014613344,0.09968467404742391,0.08202642070316299,0.0689577574351637,0.06011751795413188,0.05219964161191293,0.04633207851199489
