Image File,Follows Benford's Law,Chi-square Statistic,P-value,Probability 1,Probability 2,Probability 3,Probability 4,Probability 5,Probability 6,Probability 7,Probability 8,Probability 9
real_00001.jpg,True,0.0023967851883373932,0.9999999999999142,0.3180048627995832,0.17601111497047586,0.11736575199722125,0.09012018061827023,0.0745897881208753,0.06480861410211879,0.05884543244182008,0.05190691212226468,0.04834734282737062
real_00002.jpg,True,0.004227868334924445,0.9999999999991693,0.2799010960007779,0.1666810207114976,0.12718887607828974,0.10407978996791177,0.08704107571990165,0.0727166650460487,0.061681645806998295,0.053644306769089725,0.047065523899484644
real_00003.jpg,True,0.0004004182485359901,0.9999999999999999,0.2954310574743299,0.17266191047695248,0.12496666222162955,0.09920211583766725,0.08069131439747522,0.06944259234564609,0.059480152909276794,0.05182079832866605,0.04630339600835667
real_00004.jpg,True,0.00034956487639699487,1.0,0.30838522173783783,0.17452286285068086,0.12242607117949915,0.09458832420597543,0.07750891202449521,0.06679781165690026,0.058145576496150396,0.05107986229776026,0.0465453575507006
real_00005.jpg,True,0.005659191776455372,0.9999999999973349,0.27986142365799316,0.1622187772610336,0.12688847771610187,0.10498797041778489,0.08740755557778111,0.07461119167875181,0.06329282725742194,0.05356914648308357,0.047162629950048066
real_00006.jpg,True,0.00047865377329007303,0.9999999999999999,0.30519357832322885,0.18118897712180404,0.12579951431762737,0.09496924196873628,0.07657555028257379,0.06523647841380804,0.05624802031641595,0.04993803937694843,0.044850599878857256
real_00007.jpg,True,0.0018568087527772747,0.999999999999969,0.2884079512147689,0.16807012182416758,0.12678603675561545,0.10171831807637279,0.08386003417188737,0.0705830057369876,0.06067871480365056,0.05310533553737377,0.046790481879175984
real_00008.jpg,True,0.01237580022218141,0.9999999999392127,0.27029099456017425,0.15552400691230156,0.12604115153165268,0.10652390133856386,0.09187693436091772,0.0774411148586701,0.06703376692652624,0.05676811006339981,0.04850001944779379
real_00009.jpg,True,0.0018617777633530104,0.9999999999999687,0.3074452806182686,0.16619024204593122,0.11802829656668695,0.09447653018420826,0.07970875593447287,0.06988301900420309,0.06053787367385887,0.05459576134876783,0.049134240623602325
real_00010.jpg,True,0.0014897226788712368,0.9999999999999872,0.31165529275774684,0.183459854176855,0.12430533943893655,0.094023696261059,0.07499833281465344,0.0633419286000089,0.0548309474058596,0.04909860845596408,0.044286000088916554
real_00011.jpg,True,0.0024808875115528463,0.9999999999999014,0.3174599206051565,0.17373525236614967,0.11651151614148839,0.08994563481149975,0.07521675236753868,0.06591049884296878,0.0597128117942179,0.053581796412508716,0.04792581665847161
real_00012.jpg,True,8.249763937681274e-05,1.0,0.2983195028239798,0.17537845218681328,0.1257247473975769,0.09824893805580173,0.08007156489875067,0.0671115395621095,0.05889380002389201,0.05054270974266085,0.04570874530841527
real_00013.jpg,True,0.023523073508891417,0.9999999992101231,0.2944523154707337,0.13599188821290664,0.1100619496069117,0.09912770508653498,0.08839625524349251,0.08098174847903993,0.07179209378559324,0.06313581687362836,0.056060227241158986
real_00014.jpg,True,0.001072720549646858,0.9999999999999966,0.31122301518486406,0.17354765557260055,0.11875819827030391,0.09290446652882456,0.07713043864914738,0.06695902532292848,0.05888859245425643,0.05253562773738856,0.048052980279686075
real_00015.jpg,True,0.009225745574473454,0.9999999999812037,0.26830563860112633,0.16492247792532852,0.13112424389904748,0.10846972119863728,0.09017033998470417,0.07556420774525481,0.06384203573663352,0.05256483348397414,0.04503650142529375
real_00016.jpg,True,0.013500556929815534,0.999999999913954,0.259314891308883,0.16929389021015007,0.1386795733021794,0.11331414027621313,0.09168161778000306,0.07443568239662869,0.06054714120804996,0.050207924785468906,0.04252513873242375
real_00017.jpg,True,0.001335475229302181,0.9999999999999917,0.31215800487442924,0.1714026072916348,0.11867317702181822,0.09238905393275289,0.07741560762234012,0.06716652261996404,0.05974927536634643,0.053012891948298814,0.048032859322415425
real_00018.jpg,True,0.0007088844155053967,0.9999999999999993,0.29090025142031645,0.17518578711227792,0.12874387076162297,0.10038199219346863,0.08185467627897931,0.06818907919045436,0.05851286966426359,0.05088413829506466,0.04534733508355211
real_00019.jpg,True,0.0008913982829070459,0.9999999999999983,0.2910787165531746,0.17692540639056278,0.12992829300683176,0.1010482389973801,0.08173652611429222,0.06772574089354526,0.057529512109063534,0.049825386109235786,0.04420217982591398
real_00020.jpg,True,0.0004451909604217804,0.9999999999999999,0.3014522631355214,0.1817509953573145,0.12721402752270639,0.09636559133809919,0.07791987686186691,0.06496147765759708,0.05587337221223546,0.04987761203152914,0.04458478388312991
real_00021.jpg,True,0.0012775220447730894,0.9999999999999931,0.3113199682082692,0.16957720332812734,0.1187326660034126,0.09366055101961417,0.07818709322424842,0.06763523991084976,0.05982069908459824,0.05280650952362426,0.04826006969725602
real_00022.jpg,True,0.002754627035212588,0.9999999999998502,0.29727492200370603,0.188507944092701,0.1323617250029865,0.09946020730484258,0.07729342441929919,0.06250260450669949,0.05318194319813976,0.04682277964067531,0.04259444983095015
real_00023.jpg,True,0.0003568492705748823,1.0,0.3077352718057304,0.17768311422704247,0.12319970211548027,0.09524801942918434,0.07661634307849202,0.06508443303294792,0.057653992680710586,0.05079875844399799,0.04598036518641402
real_00024.jpg,True,0.0003381753962476923,1.0,0.3078831763885377,0.17716932532725005,0.12252808473629662,0.0944252875160117,0.07712014404281273,0.0662085675464652,0.05756988882806834,0.051304137618681106,0.04579138799587655
real_00025.jpg,True,0.002203614798757494,0.9999999999999386,0.2919317468343177,0.16516832706401374,0.12376859265350573,0.10013223911944304,0.0842190946620957,0.0714507964906627,0.062319074103913276,0.053879106774754555,0.047131022297293546
real_00026.jpg,True,0.00020828550066418709,1.0,0.3052482695187998,0.17341491812343868,0.12253279647429217,0.0960733151601546,0.07837808548063056,0.06684895420859141,0.058996140283601624,0.051729647568156366,0.046777873182334784
real_00027.jpg,True,0.0018256057574698547,0.9999999999999711,0.3156056062454664,0.18056879545764049,0.12062098923607541,0.09123628106822154,0.07451092650904775,0.0635107680934263,0.05631814303541006,0.05085141448474624,0.04677707586996579
real_00028.jpg,True,0.0017478718451318567,0.9999999999999757,0.31022771173745195,0.16786410114592396,0.11767190943782188,0.09302189845940906,0.07929193406281876,0.06861369049769732,0.06068143981189393,0.05411662687571047,0.04851068797127269
real_00029.jpg,True,7.996171858369486e-05,1.0,0.29977856128740077,0.1743031070879837,0.12477251826105318,0.0973413462473501,0.07985129987580539,0.06693450470800374,0.05963286183835807,0.051381005170607834,0.04600479552343722
real_00030.jpg,True,0.0021872891848729627,0.9999999999999405,0.29322520780548517,0.18593312441658888,0.13277048050851226,0.10049395474952216,0.07845768324665511,0.06469751522425213,0.054923989865315374,0.04722018491354403,0.0422778592701249
real_00031.jpg,True,0.000595788585184693,0.9999999999999997,0.2920117463695439,0.17775135369407763,0.12863219249821498,0.09997193984569694,0.08104661597317338,0.06799725510569787,0.057570546283974317,0.05044993485043382,0.04456841537918715
real_00032.jpg,True,0.005771268742003157,0.9999999999971176,0.29971079878985546,0.15665760076898075,0.11627499951383082,0.0970699277969313,0.08371833302311109,0.07427276035748714,0.06475773495167478,0.05704014646193851,0.05049769833619015
real_00033.jpg,True,0.002852995522353459,0.9999999999998277,0.3214476287880472,0.1779993107588323,0.11740445116392823,0.0897403117148765,0.07431576138915445,0.06379927518509461,0.05777953176067768,0.05095104164350668,0.04656268759588234
real_00034.jpg,True,0.002242432975309541,0.9999999999999342,0.284750273646077,0.1711413125010418,0.12824138639937324,0.10281313723420214,0.0849747467731988,0.0708896136728582,0.060543847269373306,0.05142045928090812,0.04522522322296738
real_00035.jpg,True,0.0016058724487780075,0.9999999999999827,0.30771026543901236,0.1664114457546711,0.11851236316036674,0.09558972705721487,0.07944827816207593,0.06818983989172334,0.06116130610112307,0.054366223017683894,0.04861055141612867
real_00036.jpg,True,0.007698757176767136,0.9999999999908796,0.3092067248927706,0.1544019601306754,0.1112907527168478,0.09446463097539835,0.0825916172189257,0.07456886014623197,0.0644820765828833,0.057876080627597394,0.05111729670866947
real_00037.jpg,True,0.0012161653294861829,0.9999999999999943,0.31046594344655876,0.1696992263916059,0.11850046683265161,0.09400286768628846,0.07862239907522675,0.0678991419171261,0.059512826782856125,0.05289936421838876,0.04839776364929753
real_00038.jpg,True,0.0008048301985819589,0.9999999999999989,0.29005648430358716,0.17456789368837222,0.128869230363161,0.10056595438468784,0.08152854916190408,0.06850631940720654,0.059045962608669074,0.05147212042575773,0.04538748565665434
real_00039.jpg,True,0.004173473759986907,0.9999999999992113,0.31499433043555597,0.16528725793183183,0.11245747826666963,0.09120772839451276,0.07851790915356738,0.06912977744180358,0.062067834671054097,0.05608977922049047,0.05024790448451431
real_00040.jpg,True,0.003490238450006425,0.9999999999996141,0.28779054412823557,0.16345531020563617,0.123895994862571,0.10156430265239233,0.08555153691971099,0.07322782329245815,0.06294462529850187,0.05430996377667752,0.04725989886381643
real_00041.jpg,True,0.008173591843159612,0.9999999999884148,0.2922087483157617,0.1530663555166618,0.1173702268339098,0.10048478282007473,0.08734702948979733,0.07557333555583337,0.06565542915086608,0.05766276340098068,0.050631328916114514
real_00042.jpg,True,0.0026533792705376756,0.9999999999998711,0.31959444628135913,0.18019855349913727,0.12017960394884177,0.08964915546688969,0.07329197033645177,0.06320314084628358,0.056643039930203413,0.05089982578639245,0.04634026390444092
real_00043.jpg,True,0.0031976179565800364,0.9999999999997281,0.30871509931934993,0.16225586887067647,0.11597166273093486,0.0944047784414502,0.08107792748992916,0.07034588137241284,0.06215307681622448,0.055646617585775805,0.049429087373246285
real_00044.jpg,True,0.009470728023013485,0.9999999999791284,0.26661351084045476,0.1662656828208519,0.13379988220520742,0.10947136808650139,0.09045751052929868,0.07452743174014025,0.06168390989809639,0.052160312045073175,0.045020391834376075
real_00045.jpg,True,0.003168393033590159,0.9999999999997379,0.31739414405024946,0.16905546059671211,0.11471769430663832,0.08988479871041258,0.0770028209724712,0.06805352899487223,0.06028265310376454,0.05398479732077097,0.049624101944108615
real_00046.jpg,True,0.002170911598719623,0.9999999999999422,0.3176464050017367,0.17994859326154916,0.12028343174713442,0.09037860368183397,0.07398957971517889,0.06356373740882251,0.05651962486974644,0.05140951719346996,0.04626050712052796
real_00047.jpg,True,0.0002504278883110677,1.0,0.29583635459467866,0.17469697095977485,0.127056888614776,0.09974190788139431,0.08049751492572559,0.0674123278575576,0.058349932907161846,0.05105723310802364,0.04535086915090749
real_00048.jpg,True,0.0015424123374668968,0.9999999999999852,0.30876911281002756,0.16806216108098498,0.11754933771890835,0.09443617210418703,0.07947650902302426,0.0689061249888879,0.060197017512667796,0.05406313894568406,0.048540425815628056
real_00049.jpg,True,0.002504832893864047,0.9999999999998976,0.2991904835985421,0.1626894612854476,0.1205746066317006,0.09708085163125611,0.08268790559160814,0.07121744155036003,0.06305838296737488,0.05486598808783003,0.04863487865588052
real_00050.jpg,True,0.0011048941479022093,0.9999999999999961,0.3044250493370765,0.16880784945937682,0.11914556522222532,0.0959974428106846,0.07952858770881396,0.06939433526975568,0.06128081830058093,0.053403563387719934,0.0480167885037663
real_00051.jpg,True,0.0014853237289618934,0.9999999999999873,0.2974442314637331,0.16641386782231854,0.12192404922632441,0.09758590993693919,0.08223463066366642,0.07114481762369086,0.06138844903741979,0.053707253382226296,0.04815679084368142
real_00052.jpg,True,0.0017361257129774451,0.9999999999999764,0.2903006242516343,0.1678395114890638,0.12466141224777817,0.10064147620092735,0.08423368736300219,0.07021511261255003,0.06105831071451392,0.053546177118552245,0.047503688001978045
real_00053.jpg,True,0.0003108347735844918,1.0,0.304860902715259,0.17950662976670778,0.12570715659142187,0.09619274671290276,0.07757605059295566,0.06505562779945094,0.05621130783679548,0.049814944483345,0.04507463350116146
real_00054.jpg,True,0.00011518977946149186,1.0,0.3043176242091487,0.17683392748480814,0.12330194472307354,0.09584686729814364,0.0783140731931636,0.06691636773854742,0.05720803452098795,0.0506144813655018,0.04664667946662517
real_00055.jpg,True,0.00478536165226355,0.999999999998637,0.2898868788336741,0.1602864699084363,0.12024679971553028,0.100545048448751,0.08600208907458441,0.07408714107920704,0.06396957507333985,0.05576329007022846,0.049212707796248555
real_00056.jpg,True,0.00024478168065644436,1.0,0.30375462659360447,0.1794757082995254,0.12600451266547366,0.09507997199035223,0.07794907134679722,0.06495014949593748,0.0572113728061888,0.050145049961653455,0.04542953684046727
real_00057.jpg,True,0.026179972563007196,0.9999999987894058,0.35656326306110603,0.15820001611196147,0.0950994635828002,0.07846247440837155,0.07143710362491354,0.06601459521474745,0.062319955775443706,0.057800272792175145,0.05410285542848095
real_00058.jpg,True,0.0023184216315511844,0.9999999999999248,0.2836448701991465,0.17276404694167852,0.1298480841038407,0.10328225017780938,0.08484563922475107,0.07021803876244666,0.059541140647226175,0.0513202347083926,0.04453569523470839
real_00059.jpg,True,0.0012746776252143496,0.9999999999999931,0.31410420302582287,0.17504641003123644,0.11971564823975367,0.09240320590491224,0.07572894318522883,0.06556598005758178,0.058129258884602984,0.051509576584888674,0.0477967740859725
real_00060.jpg,True,0.006910364405411184,0.999999999994078,0.2784296606069369,0.16094894367176246,0.1255609745246662,0.10417859982983077,0.0893221592583736,0.07540554217805484,0.06414712408450626,0.055182653861339886,0.04682434198452906
real_00061.jpg,True,0.006833580717296211,0.9999999999943366,0.28666042521509394,0.1560594401029006,0.12234448923349604,0.10185604471620378,0.0872904969732664,0.0757752966310052,0.06535466539244747,0.05581191191219,0.04884722982339655
real_00062.jpg,True,0.004341012744217902,0.9999999999990768,0.3140437524492978,0.1616105748519304,0.1135584788088839,0.09222978512883653,0.08038143731048342,0.06970597309038153,0.0627214790562456,0.055992684763908535,0.049755834540032295
real_00063.jpg,True,0.0023323579477870227,0.9999999999999231,0.2864616470287526,0.18129207380262438,0.1344333528740071,0.10247462722228859,0.08140959567475058,0.06620676625927603,0.056241022634768136,0.04862571645278427,0.04285519805074833
real_00064.jpg,True,0.000579487001604316,0.9999999999999997,0.3085673638260686,0.17552078557555245,0.12038711936180323,0.09365665524647877,0.07722381067495811,0.06670390036928053,0.05870699021087057,0.05233280261413936,0.046900572120848374
real_00065.jpg,True,0.00012523719933826719,1.0,0.3055718409887218,0.17580210003362054,0.12333182365052417,0.09563516430998698,0.07815526022578556,0.06651588362290531,0.05771897115579649,0.05139497470123562,0.045873981311423485
real_00066.jpg,True,0.0005405386483326018,0.9999999999999998,0.3064287579810733,0.1808348661069033,0.12537161655284318,0.09435309546169363,0.07662663858588441,0.06415977150096967,0.05671354823652317,0.050350917163544624,0.04516078841056475
real_00067.jpg,True,0.0025632759766086133,0.9999999999998876,0.2963646521556648,0.1634336095260067,0.12007849393923391,0.09949607113374266,0.08341648761858171,0.07198427897590981,0.06244771008385843,0.054940198402881814,0.047838498164120155
real_00068.jpg,True,0.002797189298802206,0.9999999999998408,0.28737605676454325,0.16530950733866195,0.12565045021017215,0.10179945157983347,0.0853885198489761,0.07215031268839789,0.06127636875838675,0.05390020086513698,0.04714913194589143
real_00069.jpg,True,0.0002149560902925941,1.0,0.2957072601483704,0.17592731516212387,0.1270400933566725,0.09904698396821428,0.08058681337000917,0.06753355005418021,0.058031174460281734,0.050946069850796034,0.045180739629351784
real_00070.jpg,True,0.00327089491069668,0.9999999999997023,0.28105570218085846,0.169451312682317,0.12883456035560495,0.10381164050562579,0.08599527712182248,0.07142936518960967,0.06115849423531046,0.05217113487984442,0.046092512849006805
real_00071.jpg,True,0.01609040249528094,0.9999999998265631,0.2548784524700339,0.16820820664888217,0.13756192818139082,0.11409528525212176,0.09353554628931622,0.07633613267721683,0.06143164324916757,0.05133397683934696,0.04261882839252383
real_00072.jpg,True,0.00023823977923382878,1.0,0.30594773330369424,0.17835419647943093,0.12280033899717965,0.09505258624282757,0.07752476485543994,0.06611834335968435,0.05812968031454492,0.05039387582144296,0.04567848062575545
real_00073.jpg,True,0.0015292264769808095,0.9999999999999858,0.314085892434397,0.1730296866837829,0.11854667511364521,0.09273337556822603,0.0758866548853545,0.06579751703288765,0.05839807497804897,0.052832516421593145,0.04868960688206462
real_00074.jpg,True,0.0004867202849221762,0.9999999999999999,0.30857844635484105,0.17812904624036544,0.12191096465148846,0.09365327227967614,0.07702930242121467,0.06581513856549838,0.05737117326383293,0.05120004890220115,0.0463126073208818
real_00075.jpg,True,0.0028340558635747744,0.9999999999998322,0.2903370986292693,0.16440989682014925,0.1227684648593987,0.10016835484534135,0.08473860548847909,0.07255649332970324,0.06235241169705018,0.05440695199942215,0.048261722331186765
real_00076.jpg,True,0.0006882653267688508,0.9999999999999994,0.29270061432536737,0.17879341051993988,0.12999469307348843,0.09947014089750963,0.08112651323814207,0.06665888687911044,0.057145318096063706,0.04988510920876782,0.04422531376161064
real_00077.jpg,True,0.007056274769852408,0.999999999993562,0.32955527220097064,0.1678959255277479,0.10921930255880302,0.08702597139229887,0.0748833940323302,0.06642998224866865,0.06006006006006006,0.05486522600306134,0.05006486597605932
real_00078.jpg,True,0.004649494359995885,0.9999999999987853,0.3254010806606198,0.17238620421429862,0.1143972330643257,0.0875085077715889,0.07399052685677775,0.06481185670829108,0.058877946467017626,0.05321350686872335,0.0494131373883572
real_00079.jpg,True,0.004842127104810571,0.9999999999985711,0.3105492569987137,0.16000433382690807,0.11340180409435519,0.09362455168505301,0.08056195288907904,0.07125533741342764,0.06413508205101137,0.0562258479437936,0.050241833097658346
real_00080.jpg,True,0.002186520909881774,0.9999999999999405,0.3123041449049894,0.16867985331703522,0.11640182242471386,0.09266585176130682,0.0771752416935215,0.06829647738637626,0.06088732081342371,0.05475052783642627,0.04883875986220691
real_00081.jpg,True,0.0014380133132626655,0.9999999999999889,0.31239526566047593,0.17074580576313295,0.11843074263767962,0.09338342981166577,0.07718729765256128,0.06622128229569335,0.059651677555795785,0.05339054410444671,0.048593954518548574
real_00082.jpg,True,0.00025833520370988517,1.0,0.29887634829868465,0.1791841021622793,0.1270748934420308,0.09814169570267131,0.07980872358279291,0.06628822610850853,0.05688834058538808,0.04942233632862644,0.044315333789018
real_00083.jpg,True,0.000631700690683636,0.9999999999999996,0.29325553934847537,0.1771646870875877,0.12898798360769606,0.10022921441967077,0.08132249774258526,0.06785024657914844,0.05732583177050774,0.0499242897825936,0.043939709661735084
real_00084.jpg,True,0.0009947381891330547,0.9999999999999974,0.31194923824022935,0.1749686072742224,0.12013968373912368,0.09224182955694585,0.07623431752769783,0.06651646312327063,0.05853493204725022,0.05250086121637089,0.04691406727488915
real_00085.jpg,True,0.0014117599205663133,0.9999999999999897,0.31477621398078975,0.1783395588758449,0.12034473941657774,0.09159329420135183,0.07502056652436855,0.06477899324083956,0.05768354233368908,0.05128012717893988,0.04618296424759872
real_00086.jpg,True,0.002376248654921824,0.9999999999999171,0.294215537287434,0.163393499598552,0.12280141243016333,0.10006473175217463,0.08380956085201433,0.07182168485915982,0.06168685945430855,0.054583035835831385,0.04762367793036197
real_00087.jpg,True,0.0005360945835155855,0.9999999999999998,0.29310766358463725,0.1761979907539118,0.128153338371266,0.10133190344950213,0.08034206081081081,0.0675759023826458,0.057676920341394024,0.05030616554054054,0.04530805476529161
real_00088.jpg,True,0.0077162155104410005,0.9999999999907967,0.2775221966641109,0.15901867964574234,0.12608483070529275,0.1064939827316065,0.08869220255358869,0.07560756075607561,0.06412030091898079,0.05504717138380505,0.047413074640797415
real_00089.jpg,True,0.0027511961233914924,0.999999999999851,0.2947294381922512,0.163082158266981,0.12119956852453183,0.09896412526133179,0.08370123659979538,0.0723388639295405,0.06257784351229928,0.055127107335082956,0.04827965837818602
real_00090.jpg,True,0.0011107147507296584,0.999999999999996,0.303011606189968,0.16839814567769476,0.11971662664532196,0.09620964514407684,0.0801066124155105,0.06963436054784775,0.06094083511205976,0.05351465225898257,0.04846751600853789
real_00091.jpg,True,0.0017130257891611593,0.9999999999999776,0.28837706808173696,0.18152166363371164,0.1315876477697362,0.10170725269840387,0.08200647339102894,0.0665453484656952,0.05656021226054704,0.04867545529053857,0.04301887840860155
real_00092.jpg,True,0.006634559758945652,0.9999999999949677,0.2857659100132873,0.15757403917251808,0.12182897743382758,0.10171178233289413,0.08738762779992328,0.07592941608152509,0.06516614684968672,0.056198609003118905,0.048437491313218915
real_00093.jpg,True,0.0012704329236701054,0.9999999999999932,0.29620265825035563,0.18456892336415362,0.12967583125889046,0.09944267869843527,0.07906405583214794,0.06432532450213371,0.0551959237197724,0.048080769914651496,0.04344383445945946
real_00094.jpg,True,0.0003744914842973114,1.0,0.30795548662875694,0.17449597278503176,0.12160855136992012,0.09404339053145896,0.07894897749317681,0.0663614988243534,0.058434916982117946,0.051583926715248946,0.04656727866993513
real_00095.jpg,True,0.0017290489050679797,0.9999999999999767,0.314030778122968,0.18240678474765606,0.1234515069498091,0.09254833743671255,0.0739636420223083,0.06324576370093313,0.055284466996048526,0.04953510473342856,0.045533615290135776
real_00096.jpg,True,0.0009947115587010033,0.9999999999999974,0.3103383113887607,0.18065227903047415,0.1252897072636628,0.09351778260700411,0.07601307225868843,0.06322704712571489,0.055387582465832606,0.05037710576190926,0.04519711209795301
real_00097.jpg,True,0.009244917872002266,0.9999999999810472,0.26555655373627074,0.17180698831572302,0.13566388443106944,0.10971149486987648,0.09007823820794732,0.07347104518791911,0.05974250645958898,0.05091185198988716,0.04305743680171774
real_00098.jpg,True,0.0010805366986473021,0.9999999999999964,0.3121105843249943,0.17690379452747657,0.12046943868561615,0.09152275771605796,0.07601282813741891,0.06604712172835252,0.05751818894267913,0.05225187169639334,0.047163414241011135
real_00099.jpg,True,0.0008105002240317961,0.9999999999999989,0.3043851652566397,0.16989805560805327,0.12074629520516726,0.09541583751153405,0.07883736701092817,0.06856788696067859,0.06005491878911852,0.05393214083223088,0.04816233282564952
real_00100.jpg,True,0.0006403780492910193,0.9999999999999996,0.30865995541893415,0.1730017732369078,0.1208191353941422,0.09350628415148668,0.0781391574067383,0.06672151286569537,0.05911716148685081,0.05271349716782381,0.04732152287142087
real_00101.jpg,True,0.0036254090687065613,0.9999999999995508,0.28224470049158085,0.1668761260760282,0.12869241719865648,0.10322363591876682,0.08636029984207132,0.07251095491247192,0.06205374024067442,0.052678114642880976,0.04536001067686901
real_00102.jpg,True,0.006961927819276905,0.9999999999938993,0.2836260317654483,0.1583073625447944,0.12168507557707972,0.10261079402500424,0.08851567560654881,0.07544085471463641,0.06554925090144816,0.05570212872429448,0.04856282614074545
real_00103.jpg,True,0.004174811455766039,0.9999999999992103,0.2791476830758973,0.1679686631847983,0.12849483275919546,0.10420602289143238,0.08589565507278586,0.0734637181909101,0.06222080231136793,0.052691965773974885,0.045910656739637734
real_00104.jpg,True,0.0003606165064023093,1.0,0.29848631347314375,0.18118394292001466,0.12643227864279444,0.09825625979395192,0.07900732393113949,0.06641271852321097,0.05675490947887841,0.04954767223463252,0.04391858100223386
real_00105.jpg,True,0.0010444015371779145,0.9999999999999969,0.3127330521425515,0.17575813147058333,0.11971725322174616,0.0924789801554885,0.07607155360685527,0.06649661848634891,0.058010880860688306,0.05166185974915115,0.04707167030658686
real_00106.jpg,True,0.0010632112527962049,0.9999999999999967,0.3137121942678965,0.17646797264286487,0.12188431855888704,0.0923289414811871,0.07604083005171844,0.06484952741966413,0.05697087259923354,0.050873599697637516,0.046871743280910864
real_00107.jpg,True,0.001980624628737694,0.9999999999999599,0.2881157697051862,0.16819000100012224,0.12602373623442864,0.10150685083732457,0.08389636511129138,0.07139761526408783,0.06125470890886664,0.05304259409483381,0.04657235884385869
real_00108.jpg,True,0.0002474915121967018,1.0,0.3001530925529225,0.17948504221853614,0.12702514218713967,0.09798479076888025,0.07859399354844088,0.06599928316009702,0.05657756179965714,0.0494147196683643,0.04476637409596208
real_00109.jpg,True,0.0010500894426264194,0.9999999999999968,0.31128452247956023,0.1806646324179214,0.1228469477931736,0.09236100689754834,0.07575909159121605,0.06430671579988773,0.055819563247906004,0.051200818145943454,0.04575670162684319
real_00110.jpg,True,0.0034333497150510492,0.9999999999996386,0.2815723600681219,0.16871282397490714,0.1296816440380838,0.10448876627688272,0.08622754158297286,0.07186971270451155,0.06028176683530448,0.051860989101052114,0.04530439541816343
real_00111.jpg,True,0.0029198787096447578,0.9999999999998109,0.2819097362096987,0.17884676825626136,0.1340454791704288,0.10454652794176889,0.08310714136882023,0.06757699092916973,0.05718373640417286,0.04944644320660101,0.04333717651307839
real_00112.jpg,True,0.0011518035802328872,0.9999999999999954,0.29765116802498603,0.18381075966777907,0.13013746210552932,0.09870484965863716,0.0777062417854791,0.0656105768295631,0.055104326152255884,0.048096454105662705,0.04317816167010762
real_00113.jpg,True,0.0010686946936969302,0.9999999999999966,0.2900595388586209,0.1800223930564855,0.13077711685230306,0.1007076316981216,0.08060666846329734,0.06690411826645515,0.057163416524742106,0.05017600497870437,0.04358311130126996
real_00114.jpg,True,0.0027900778704975297,0.9999999999998423,0.30619551681195517,0.1627740837929194,0.11760585305105853,0.09467009873687957,0.08125500355808575,0.07035002668564312,0.062327655221490835,0.05592588062622309,0.04889588151574453
real_00115.jpg,True,0.0009564437882258603,0.9999999999999978,0.31243747359996443,0.1779028923323181,0.12206820657610991,0.09264467219492675,0.07560970187412464,0.0649246348458238,0.05707409795246882,0.050813121095573684,0.046525199528689894
real_00116.jpg,True,0.0009286632555640851,0.9999999999999981,0.31188091294149034,0.1747451390201332,0.12005981034118576,0.09255038854487443,0.07708363442318596,0.06599426354348478,0.05835955131126947,0.05196440284154707,0.04736189703282898
real_00117.jpg,True,0.0003422381620271594,1.0,0.30600761893118233,0.1793783152214686,0.12413133903688041,0.09489487153126068,0.0766672316494069,0.0649804247373525,0.05720033454387832,0.05080398896338634,0.04593587538518393
real_00118.jpg,True,0.007400430410445015,0.9999999999922122,0.30530576413949057,0.15407245664185884,0.1133353890773321,0.09498370683979365,0.08421605313820434,0.07348451385821478,0.06533654473882328,0.05806921189997972,0.051196359666302746
real_00119.jpg,True,0.0017887336240707944,0.9999999999999734,0.3158159451581261,0.17764143262446822,0.11847856593056956,0.09091869030847165,0.07499076057809605,0.06516501746459148,0.05754006296700762,0.05214090604688902,0.0473086189217803
real_00120.jpg,True,0.007558628792750479,0.9999999999915252,0.31123445369513825,0.1551977509424318,0.11116944881977259,0.09336255774738661,0.0820283743502985,0.07212485380848008,0.06502987724079307,0.05812102574359743,0.051731657652101685
real_00121.jpg,True,0.000454465591501808,0.9999999999999999,0.2951366218900635,0.17800714017808772,0.12885937738758388,0.09950685540444802,0.08046730659702446,0.06698709489213331,0.05675747009876783,0.04935335546695931,0.044924778084932004
real_00122.jpg,True,0.00885591994627899,0.9999999999840388,0.2916517307590776,0.1976319292190813,0.1390526049612222,0.10224219234114447,0.07664690958704647,0.06074398881821542,0.04995956884550297,0.04342389356185967,0.03864718190684995
real_00123.jpg,True,0.0014773047662128421,0.9999999999999876,0.31186405818772045,0.17060541799494722,0.11785681529512147,0.09256505679528405,0.07811818199504726,0.06730942937901785,0.06025553014027198,0.05317939638855923,0.048246113824030504
real_00124.jpg,True,0.0017032413829640202,0.9999999999999781,0.31168311438552415,0.1832074858195744,0.12586882029419694,0.09433977994980922,0.07449691101557138,0.06184360817837461,0.05451508641652794,0.04931814455279898,0.044727049387622383
real_00125.jpg,True,0.005399666836781596,0.999999999997791,0.28211418252535075,0.16141964161689124,0.12562022503125433,0.10411723850534796,0.0881233504653424,0.07397694124183915,0.06318377552437839,0.05430476455063203,0.047139880538963744
real_00126.jpg,True,0.0010235143894078494,0.9999999999999971,0.3131872865364788,0.17475871153488087,0.12032325567823388,0.09349459063636793,0.0761535019828312,0.06512912719299464,0.05759520229880585,0.05223169250692671,0.047126631632480084
real_00127.jpg,True,0.010706182366528339,0.9999999999659319,0.26541431306246854,0.18824758480615933,0.1426443906654182,0.10842185107902275,0.08535490915759261,0.06820057292259989,0.05523618470224418,0.04631170657027193,0.04016848703422254
real_00128.jpg,True,0.004637702316814037,0.9999999999987975,0.2998370918957388,0.15857686148919134,0.117190975002224,0.09699148207454852,0.08393659371941999,0.07281380660083622,0.0644460012454408,0.05616437594520061,0.0500428120273997
real_00129.jpg,True,0.004392016345003851,0.9999999999990327,0.32529993246829764,0.17229755079467862,0.11458434654045926,0.08808579583193221,0.07390691741400825,0.06514724968110029,0.05862196419986049,0.05332781222296022,0.04872843084670304
real_00130.jpg,True,0.007754428737536204,0.9999999999906132,0.26842765336796354,0.17030441396071844,0.13286931083482337,0.10865412155980524,0.0889605098871274,0.07346868404294664,0.06137499339560467,0.05180904816064114,0.04413126479036954
real_00131.jpg,True,0.032564152878833796,0.9999999971095033,0.29953744218027256,0.12687419260740926,0.10664666416635413,0.09815393590865525,0.09044463891319748,0.08177688877776389,0.0734869636482338,0.06551374477365227,0.05756552902446139
real_00132.jpg,True,0.00030475110618587896,1.0,0.29979997777530837,0.1727025225025003,0.12293310367818647,0.0959912212468052,0.08094788309812201,0.06844927214134904,0.0598733192576953,0.052322480275586176,0.04698022002444716
real_00133.jpg,True,0.0030954377736870362,0.9999999999997612,0.3019338375709866,0.16155618747411404,0.11797326484151538,0.09671133645215718,0.08274334192260759,0.07179966143249081,0.06248210567864995,0.0550908823047052,0.04970938232277325
real_00134.jpg,True,0.004807184576303168,0.999999999998612,0.280779637850662,0.16415066034748113,0.1267939393602658,0.10347203315905568,0.08784260560836978,0.07350498108133637,0.0629149743584045,0.053755674210055504,0.04678549402436924
real_00135.jpg,True,0.001319039855604126,0.9999999999999921,0.29888517372778894,0.16610105423486674,0.12310339172899522,0.09702129315400501,0.08117858621906851,0.07041110434785025,0.06189217509248528,0.053998615847709895,0.047408605647230165
real_00136.jpg,True,0.00020552680116328514,1.0,0.30085048331124464,0.1807103383317635,0.12517469499573508,0.09682062053885244,0.07823279514771625,0.0659270434799521,0.056383070353113116,0.0504177398426842,0.045483213998938635
real_00137.jpg,True,0.001243326378355001,0.9999999999999938,0.2928370025696229,0.1685172581429266,0.12479477741509827,0.09963191888325579,0.08310577123411347,0.07032155010764636,0.06109313146746302,0.053042572400861174,0.04665601777901243
real_00138.jpg,True,0.001505266540642515,0.9999999999999867,0.28652598530208523,0.17472180931608852,0.13031965880832974,0.10185460455940987,0.08308628426156175,0.06959976661156106,0.0581081644277121,0.05068974619007265,0.04509398052317908
real_00139.jpg,True,3.195199238244793e-05,1.0,0.3001444645089596,0.17594943742186414,0.12427281566884289,0.09656063342130851,0.08007778858174747,0.06728434504792333,0.058158077510765384,0.051926656480066676,0.045625781358522015
real_00140.jpg,True,0.0004834140427103881,0.9999999999999999,0.2961883594943742,0.17162383664397832,0.12476177246839838,0.09729129045700792,0.08161966939852758,0.06970968190026393,0.05912487845534102,0.05261841922489235,0.04706209195721628
real_00141.jpg,True,0.0008292802360232266,0.9999999999999988,0.31016744250677414,0.17370944208990483,0.11985270617661363,0.09348989091919684,0.07722087125686097,0.06639060654484819,0.05912596401028278,0.052197596053637184,0.04784548044188147
real_00142.jpg,True,0.0011302744273447684,0.9999999999999958,0.29312131677729647,0.18289067514288335,0.13043852751667784,0.1000836322514858,0.0795201009143978,0.06531373208227635,0.05645871595319928,0.04877066147276117,0.04340263788902195
real_00143.jpg,True,0.0008812768697361814,0.9999999999999984,0.3007115608494275,0.1835943686390878,0.12795036578284197,0.09784031140859041,0.07816889081528036,0.06427942308280056,0.055288361353993884,0.04888403586422274,0.043282682203754794
real_00144.jpg,True,0.017925855351165223,0.9999999997330224,0.26190522493589335,0.1526696985945153,0.12731874414844407,0.1101995571570259,0.09446946355991298,0.07978674638210626,0.06709876731852189,0.05738344811875082,0.04916834978482943
real_00145.jpg,True,9.735135253480561e-05,1.0,0.30384526684023483,0.17718958479787272,0.12563316726730148,0.0951216598082229,0.07829740175661369,0.06631341744999264,0.05743032034165331,0.05085343862271705,0.04531574311539135
real_00146.jpg,True,0.001734357649783387,0.9999999999999765,0.2859675004097871,0.1728468118563217,0.12879539260382894,0.10225230105877875,0.08384660904643235,0.07049727317936451,0.05930939065352014,0.051474816846000616,0.04500990434596589
real_00147.jpg,True,0.00030938268792791827,1.0,0.30271258390007555,0.17273692047828598,0.12183846735120238,0.09652953727163621,0.07874383251100146,0.0680118460239143,0.05923011957149842,0.052984842423434236,0.04721185046895142
real_00148.jpg,True,0.00020366483136909457,1.0,0.2965536594446513,0.17823782083696843,0.12617874071316243,0.09899754944181731,0.0799571013397496,0.06728477041992899,0.05787707199973327,0.05036702804527698,0.0445462577587117
real_00149.jpg,True,0.0010872471697901032,0.9999999999999963,0.29729587045074385,0.18299554868933632,0.13092466115022758,0.0981650152544916,0.07823970391281877,0.06558875668946967,0.05484948345901849,0.04824476095739301,0.04369619943650075
real_00150.jpg,True,0.013008167405239118,0.9999999999258222,0.3431781879800547,0.18060474742003138,0.10993235829270664,0.0810061530341542,0.06750836840423907,0.06072753031376307,0.0562440101670903,0.05189105101601456,0.048907593371946056
real_00151.jpg,True,0.0002653756878458225,1.0,0.30558666203542895,0.17863980548801667,0.12506842653699202,0.09625842306356373,0.07778534213268495,0.06474192427926363,0.05691976380687739,0.05022855158040986,0.04477110107676276
real_00152.jpg,True,0.002018895316331778,0.9999999999999568,0.3084459065221136,0.18671960523902933,0.12746100457331475,0.09379740715837673,0.07472896303005717,0.062103724778697134,0.05441022021927461,0.048364331479186694,0.04396883699994999
real_00153.jpg,True,0.0032319360184974674,0.9999999999997162,0.29163967740769675,0.16283905690957462,0.12180055655790342,0.09982180139056075,0.08482365009688334,0.07238866756924309,0.06325633633667027,0.05518318872650545,0.048247065004962314
real_00154.jpg,True,0.0005895257295962089,0.9999999999999997,0.30812656448382103,0.1800229480778901,0.1227638820591038,0.09364538274115623,0.07613149859838919,0.0649964022081274,0.05778970559227433,0.050455210963958184,0.046068405275279695
real_00155.jpg,True,0.0006729662869686747,0.9999999999999994,0.3086139824385906,0.18000166722240746,0.12382738690674669,0.09333666777814827,0.07544181393797933,0.06489941091474936,0.057094031343781264,0.05114482605312882,0.04564021340446816
real_00156.jpg,True,0.0022934439984452393,0.9999999999999281,0.3042222061707885,0.16384315773682193,0.11832067430838385,0.09615395300510621,0.08056585008084366,0.07111464242653227,0.06205792962434089,0.05504592253454608,0.048675664112636616
real_00157.jpg,True,0.0005466380280048723,0.9999999999999998,0.2946557080061573,0.17993153615746685,0.12952003067535803,0.09920588611217623,0.07946696008313467,0.06590200556824434,0.057041161662471036,0.04960294305608812,0.044673768678903464
real_00158.jpg,True,0.0010461600794729523,0.9999999999999969,0.31088689060311675,0.18120734499699886,0.1230075806415757,0.09364093101838472,0.0754146010715159,0.0638546784340751,0.05574328079496699,0.05009114554387213,0.046153546895493856
real_00159.jpg,True,0.0010805348138201176,0.9999999999999964,0.296812190074035,0.16961649049213118,0.12126734543636186,0.09745947522675816,0.08174961454585862,0.07125414970899949,0.06078924339866376,0.05334407511841429,0.04770741599877766
real_00160.jpg,True,0.000223819196233774,1.0,0.29620194084129053,0.17420898076661287,0.12657141190230783,0.09927294851742062,0.08047573670568167,0.0675738372593743,0.05905591656549437,0.051004731252101004,0.04563449618971682
real_00161.jpg,True,0.0012459044886945865,0.9999999999999938,0.2882581261790913,0.1791607509509137,0.13106077234473504,0.10080935326755891,0.08189388108925114,0.06744054879319399,0.057435464287599644,0.04972257492699706,0.044218528160659264
real_00162.jpg,True,0.00023622857047158078,1.0,0.3045793042125153,0.17949316438812937,0.12476658886295432,0.09519562076247638,0.07820106702234078,0.0652328553962432,0.05753028787373569,0.0500055574080249,0.04499555407358008
real_00163.jpg,True,0.0024642179635001853,0.9999999999999041,0.31832125550171164,0.1819038145200729,0.12178788956564264,0.09129506957720179,0.07360623305028231,0.06241941937491664,0.05525052238474192,0.049618214555639535,0.0457975814697906
real_00164.jpg,True,0.00405234439843671,0.9999999999992989,0.30198019801980197,0.16001600160016002,0.11645886810903312,0.09663466346634664,0.08331388694424999,0.07195719571957196,0.06323132313231324,0.05667233390005667,0.0497355291084664
real_00165.jpg,True,0.004991700272269476,0.9999999999983864,0.30624555239281265,0.15839597046788828,0.11399773172033446,0.09589875022238036,0.08258372620530155,0.07256827077032557,0.0634617950542608,0.05656522415940224,0.050282979007294074
real_00166.jpg,True,0.00148362889929529,0.9999999999999873,0.31412581038684595,0.17322340138776576,0.11930784001511703,0.09094395304827724,0.076882890243123,0.06595360960820766,0.05889251067779325,0.05279567830733704,0.04787430632553306
real_00167.jpg,True,0.001361119719397932,0.9999999999999911,0.2962832291096585,0.1679894878084692,0.12140970044143426,0.09792395329519979,0.08246958715201284,0.07120731852996003,0.06080347146790087,0.05394165511455344,0.047971597080811085
