Image,1,2,3,4,5,6,7,8,9
real_00001.jpg,0.318,0.176,0.117,0.09,0.075,0.065,0.059,0.052,0.048
real_00002.jpg,0.279901096,0.166681021,0.127188876,0.10407979,0.087041076,0.072716665,0.061681646,0.053644307,0.047065524
real_00003.jpg,0.295431057,0.17266191,0.124966662,0.099202116,0.080691314,0.069442592,0.059480153,0.051820798,0.046303396
real_00004.jpg,0.308385222,0.174522863,0.122426071,0.094588324,0.077508912,0.066797812,0.058145576,0.051079862,0.046545358
real_00005.jpg,0.279861424,0.162218777,0.126888478,0.10498797,0.087407556,0.074611192,0.063292827,0.053569146,0.04716263
real_00006.jpg,0.305193578,0.181188977,0.125799514,0.094969242,0.07657555,0.065236478,0.05624802,0.049938039,0.0448506
real_00007.jpg,0.288407951,0.168070122,0.126786037,0.101718318,0.083860034,0.070583006,0.060678715,0.053105336,0.046790482
real_00008.jpg,0.270290995,0.155524007,0.126041152,0.106523901,0.091876934,0.077441115,0.067033767,0.05676811,0.048500019
real_00009.jpg,0.307445281,0.166190242,0.118028297,0.09447653,0.079708756,0.069883019,0.060537874,0.054595761,0.049134241
real_00010.jpg,0.311655293,0.183459854,0.124305339,0.094023696,0.074998333,0.063341929,0.054830947,0.049098608,0.044286
real_00011.jpg,0.317459921,0.173735252,0.116511516,0.089945635,0.075216752,0.065910499,0.059712812,0.053581796,0.047925817
real_00012.jpg,0.298319503,0.175378452,0.125724747,0.098248938,0.080071565,0.06711154,0.0588938,0.05054271,0.045708745
real_00013.jpg,0.294452315,0.135991888,0.11006195,0.099127705,0.088396255,0.080981748,0.071792094,0.063135817,0.056060227
real_00014.jpg,0.311223015,0.173547656,0.118758198,0.092904467,0.077130439,0.066959025,0.058888592,0.052535628,0.04805298
real_00015.jpg,0.268305639,0.164922478,0.131124244,0.108469721,0.09017034,0.075564208,0.063842036,0.052564833,0.045036501
real_00016.jpg,0.259314891,0.16929389,0.138679573,0.11331414,0.091681618,0.074435682,0.060547141,0.050207925,0.042525139
real_00017.jpg,0.312158005,0.171402607,0.118673177,0.092389054,0.077415608,0.067166523,0.059749275,0.053012892,0.048032859
real_00018.jpg,0.290900251,0.175185787,0.128743871,0.100381992,0.081854676,0.068189079,0.05851287,0.050884138,0.045347335
real_00019.jpg,0.291078717,0.176925406,0.129928293,0.101048239,0.081736526,0.067725741,0.057529512,0.049825386,0.04420218
real_00020.jpg,0.301452263,0.181750995,0.127214028,0.096365591,0.077919877,0.064961478,0.055873372,0.049877612,0.044584784
real_00021.jpg,0.311319968,0.169577203,0.118732666,0.093660551,0.078187093,0.06763524,0.059820699,0.05280651,0.04826007
real_00022.jpg,0.297274922,0.188507944,0.132361725,0.099460207,0.077293424,0.062502605,0.053181943,0.04682278,0.04259445
real_00023.jpg,0.307735272,0.177683114,0.123199702,0.095248019,0.076616343,0.065084433,0.057653993,0.050798758,0.045980365
real_00024.jpg,0.307883176,0.177169325,0.122528085,0.094425288,0.077120144,0.066208568,0.057569889,0.051304138,0.045791388
real_00025.jpg,0.291931747,0.165168327,0.123768593,0.100132239,0.084219095,0.071450796,0.062319074,0.053879107,0.047131022
real_00026.jpg,0.30524827,0.173414918,0.122532796,0.096073315,0.078378085,0.066848954,0.05899614,0.051729648,0.046777873
real_00027.jpg,0.315605606,0.180568795,0.120620989,0.091236281,0.074510927,0.063510768,0.056318143,0.050851414,0.046777076
real_00028.jpg,0.310227712,0.167864101,0.117671909,0.093021898,0.079291934,0.06861369,0.06068144,0.054116627,0.048510688
real_00029.jpg,0.299778561,0.174303107,0.124772518,0.097341346,0.0798513,0.066934505,0.059632862,0.051381005,0.046004796
real_00030.jpg,0.293225208,0.185933124,0.132770481,0.100493955,0.078457683,0.064697515,0.05492399,0.047220185,0.042277859
real_00031.jpg,0.292011746,0.177751354,0.128632192,0.09997194,0.081046616,0.067997255,0.057570546,0.050449935,0.044568415
real_00032.jpg,0.299710799,0.156657601,0.116275,0.097069928,0.083718333,0.07427276,0.064757735,0.057040146,0.050497698
real_00033.jpg,0.321447629,0.177999311,0.117404451,0.089740312,0.074315761,0.063799275,0.057779532,0.050951042,0.046562688
real_00034.jpg,0.284750274,0.171141313,0.128241386,0.102813137,0.084974747,0.070889614,0.060543847,0.051420459,0.045225223
real_00035.jpg,0.307710265,0.166411446,0.118512363,0.095589727,0.079448278,0.06818984,0.061161306,0.054366223,0.048610551
real_00036.jpg,0.309206725,0.15440196,0.111290753,0.094464631,0.082591617,0.07456886,0.064482077,0.057876081,0.051117297
real_00037.jpg,0.310465943,0.169699226,0.118500467,0.094002868,0.078622399,0.067899142,0.059512827,0.052899364,0.048397764
real_00038.jpg,0.290056484,0.174567894,0.12886923,0.100565954,0.081528549,0.068506319,0.059045963,0.05147212,0.045387486
real_00039.jpg,0.31499433,0.165287258,0.112457478,0.091207728,0.078517909,0.069129777,0.062067835,0.056089779,0.050247904
real_00040.jpg,0.287790544,0.16345531,0.123895995,0.101564303,0.085551537,0.073227823,0.062944625,0.054309964,0.047259899
real_00041.jpg,0.292208748,0.153066356,0.117370227,0.100484783,0.087347029,0.075573336,0.065655429,0.057662763,0.050631329
real_00042.jpg,0.319594446,0.180198553,0.120179604,0.089649155,0.07329197,0.063203141,0.05664304,0.050899826,0.046340264
real_00043.jpg,0.308715099,0.162255869,0.115971663,0.094404778,0.081077927,0.070345881,0.062153077,0.055646618,0.049429087
real_00044.jpg,0.266613511,0.166265683,0.133799882,0.109471368,0.090457511,0.074527432,0.06168391,0.052160312,0.045020392
real_00045.jpg,0.317394144,0.169055461,0.114717694,0.089884799,0.077002821,0.068053529,0.060282653,0.053984797,0.049624102
real_00046.jpg,0.317646405,0.179948593,0.120283432,0.090378604,0.07398958,0.063563737,0.056519625,0.051409517,0.046260507
real_00047.jpg,0.295836355,0.174696971,0.127056889,0.099741908,0.080497515,0.067412328,0.058349933,0.051057233,0.045350869
real_00048.jpg,0.308769113,0.168062161,0.117549338,0.094436172,0.079476509,0.068906125,0.060197018,0.054063139,0.048540426
real_00049.jpg,0.299190484,0.162689461,0.120574607,0.097080852,0.082687906,0.071217442,0.063058383,0.054865988,0.048634879
real_00050.jpg,0.304425049,0.168807849,0.119145565,0.095997443,0.079528588,0.069394335,0.061280818,0.053403563,0.048016789
real_00051.jpg,0.297444231,0.166413868,0.121924049,0.09758591,0.082234631,0.071144818,0.061388449,0.053707253,0.048156791
real_00052.jpg,0.290300624,0.167839511,0.124661412,0.100641476,0.084233687,0.070215113,0.061058311,0.053546177,0.047503688
real_00053.jpg,0.304860903,0.17950663,0.125707157,0.096192747,0.077576051,0.065055628,0.056211308,0.049814944,0.045074634
real_00054.jpg,0.304317624,0.176833927,0.123301945,0.095846867,0.078314073,0.066916368,0.057208035,0.050614481,0.046646679
real_00055.jpg,0.289886879,0.16028647,0.1202468,0.100545048,0.086002089,0.074087141,0.063969575,0.05576329,0.049212708
real_00056.jpg,0.303754627,0.179475708,0.126004513,0.095079972,0.077949071,0.064950149,0.057211373,0.05014505,0.045429537
real_00057.jpg,0.356563263,0.158200016,0.095099464,0.078462474,0.071437104,0.066014595,0.062319956,0.057800273,0.054102855
real_00058.jpg,0.28364487,0.172764047,0.129848084,0.10328225,0.084845639,0.070218039,0.059541141,0.051320235,0.044535695
real_00059.jpg,0.314104203,0.17504641,0.119715648,0.092403206,0.075728943,0.06556598,0.058129259,0.051509577,0.047796774
real_00060.jpg,0.278429661,0.160948944,0.125560975,0.1041786,0.089322159,0.075405542,0.064147124,0.055182654,0.046824342
real_00061.jpg,0.286660425,0.15605944,0.122344489,0.101856045,0.087290497,0.075775297,0.065354665,0.055811912,0.04884723
real_00062.jpg,0.314043752,0.161610575,0.113558479,0.092229785,0.080381437,0.069705973,0.062721479,0.055992685,0.049755835
real_00063.jpg,0.286461647,0.181292074,0.134433353,0.102474627,0.081409596,0.066206766,0.056241023,0.048625716,0.042855198
real_00064.jpg,0.308567364,0.175520786,0.120387119,0.093656655,0.077223811,0.0667039,0.05870699,0.052332803,0.046900572
real_00065.jpg,0.305571841,0.1758021,0.123331824,0.095635164,0.07815526,0.066515884,0.057718971,0.051394975,0.045873981
real_00066.jpg,0.306428758,0.180834866,0.125371617,0.094353095,0.076626639,0.064159772,0.056713548,0.050350917,0.045160788
real_00067.jpg,0.296364652,0.16343361,0.120078494,0.099496071,0.083416488,0.071984279,0.06244771,0.054940198,0.047838498
real_00068.jpg,0.287376057,0.165309507,0.12565045,0.101799452,0.08538852,0.072150313,0.061276369,0.053900201,0.047149132
real_00069.jpg,0.29570726,0.175927315,0.127040093,0.099046984,0.080586813,0.06753355,0.058031174,0.05094607,0.04518074
real_00070.jpg,0.281055702,0.169451313,0.12883456,0.103811641,0.085995277,0.071429365,0.061158494,0.052171135,0.046092513
real_00071.jpg,0.254878452,0.168208207,0.137561928,0.114095285,0.093535546,0.076336133,0.061431643,0.051333977,0.042618828
real_00072.jpg,0.305947733,0.178354196,0.122800339,0.095052586,0.077524765,0.066118343,0.05812968,0.050393876,0.045678481
real_00073.jpg,0.314085892,0.173029687,0.118546675,0.092733376,0.075886655,0.065797517,0.058398075,0.052832516,0.048689607
real_00074.jpg,0.308578446,0.178129046,0.121910965,0.093653272,0.077029302,0.065815139,0.057371173,0.051200049,0.046312607
real_00075.jpg,0.290337099,0.164409897,0.122768465,0.100168355,0.084738605,0.072556493,0.062352412,0.054406952,0.048261722
real_00076.jpg,0.292700614,0.178793411,0.129994693,0.099470141,0.081126513,0.066658887,0.057145318,0.049885109,0.044225314
real_00077.jpg,0.329555272,0.167895926,0.109219303,0.087025971,0.074883394,0.066429982,0.06006006,0.054865226,0.050064866
real_00078.jpg,0.325401081,0.172386204,0.114397233,0.087508508,0.073990527,0.064811857,0.058877946,0.053213507,0.049413137
real_00079.jpg,0.310549257,0.160004334,0.113401804,0.093624552,0.080561953,0.071255337,0.064135082,0.056225848,0.050241833
real_00080.jpg,0.312304145,0.168679853,0.116401822,0.092665852,0.077175242,0.068296477,0.060887321,0.054750528,0.04883876
real_00081.jpg,0.312395266,0.170745806,0.118430743,0.09338343,0.077187298,0.066221282,0.059651678,0.053390544,0.048593955
real_00082.jpg,0.298876348,0.179184102,0.127074893,0.098141696,0.079808724,0.066288226,0.056888341,0.049422336,0.044315334
real_00083.jpg,0.293255539,0.177164687,0.128987984,0.100229214,0.081322498,0.067850247,0.057325832,0.04992429,0.04393971
real_00084.jpg,0.311949238,0.174968607,0.120139684,0.09224183,0.076234318,0.066516463,0.058534932,0.052500861,0.046914067
real_00085.jpg,0.314776214,0.178339559,0.120344739,0.091593294,0.075020567,0.064778993,0.057683542,0.051280127,0.046182964
real_00086.jpg,0.294215537,0.1633935,0.122801412,0.100064732,0.083809561,0.071821685,0.061686859,0.054583036,0.047623678
real_00087.jpg,0.293107664,0.176197991,0.128153338,0.101331903,0.080342061,0.067575902,0.05767692,0.050306166,0.045308055
real_00088.jpg,0.277522197,0.15901868,0.126084831,0.106493983,0.088692203,0.075607561,0.064120301,0.055047171,0.047413075
real_00089.jpg,0.294729438,0.163082158,0.121199569,0.098964125,0.083701237,0.072338864,0.062577844,0.055127107,0.048279658
real_00090.jpg,0.303011606,0.168398146,0.119716627,0.096209645,0.080106612,0.069634361,0.060940835,0.053514652,0.048467516
real_00091.jpg,0.288377068,0.181521664,0.131587648,0.101707253,0.082006473,0.066545348,0.056560212,0.048675455,0.043018878
real_00092.jpg,0.28576591,0.157574039,0.121828977,0.101711782,0.087387628,0.075929416,0.065166147,0.056198609,0.048437491
real_00093.jpg,0.296202658,0.184568923,0.129675831,0.099442679,0.079064056,0.064325325,0.055195924,0.04808077,0.043443834
real_00094.jpg,0.307955487,0.174495973,0.121608551,0.094043391,0.078948977,0.066361499,0.058434917,0.051583927,0.046567279
real_00095.jpg,0.314030778,0.182406785,0.123451507,0.092548337,0.073963642,0.063245764,0.055284467,0.049535105,0.045533615
real_00096.jpg,0.310338311,0.180652279,0.125289707,0.093517783,0.076013072,0.063227047,0.055387582,0.050377106,0.045197112
real_00097.jpg,0.265556554,0.171806988,0.135663884,0.109711495,0.090078238,0.073471045,0.059742506,0.050911852,0.043057437
real_00098.jpg,0.312110584,0.176903795,0.120469439,0.091522758,0.076012828,0.066047122,0.057518189,0.052251872,0.047163414
real_00099.jpg,0.304385165,0.169898056,0.120746295,0.095415838,0.078837367,0.068567887,0.060054919,0.053932141,0.048162333
real_00100.jpg,0.308659955,0.173001773,0.120819135,0.093506284,0.078139157,0.066721513,0.059117161,0.052713497,0.047321523
real_00101.jpg,0.2822447,0.166876126,0.128692417,0.103223636,0.0863603,0.072510955,0.06205374,0.052678115,0.045360011
real_00102.jpg,0.283626032,0.158307363,0.121685076,0.102610794,0.088515676,0.075440855,0.065549251,0.055702129,0.048562826
real_00103.jpg,0.279147683,0.167968663,0.128494833,0.104206023,0.085895655,0.073463718,0.062220802,0.052691966,0.045910657
real_00104.jpg,0.298486313,0.181183943,0.126432279,0.09825626,0.079007324,0.066412719,0.056754909,0.049547672,0.043918581
real_00105.jpg,0.312733052,0.175758131,0.119717253,0.09247898,0.076071554,0.066496618,0.058010881,0.05166186,0.04707167
real_00106.jpg,0.313712194,0.176467973,0.121884319,0.092328941,0.07604083,0.064849527,0.056970873,0.0508736,0.046871743
real_00107.jpg,0.28811577,0.168190001,0.126023736,0.101506851,0.083896365,0.071397615,0.061254709,0.053042594,0.046572359
real_00108.jpg,0.300153093,0.179485042,0.127025142,0.097984791,0.078593994,0.065999283,0.056577562,0.04941472,0.044766374
real_00109.jpg,0.311284522,0.180664632,0.122846948,0.092361007,0.075759092,0.064306716,0.055819563,0.051200818,0.045756702
real_00110.jpg,0.28157236,0.168712824,0.129681644,0.104488766,0.086227542,0.071869713,0.060281767,0.051860989,0.045304395
real_00111.jpg,0.281909736,0.178846768,0.134045479,0.104546528,0.083107141,0.067576991,0.057183736,0.049446443,0.043337177
real_00112.jpg,0.297651168,0.18381076,0.130137462,0.09870485,0.077706242,0.065610577,0.055104326,0.048096454,0.043178162
real_00113.jpg,0.290059539,0.180022393,0.130777117,0.100707632,0.080606668,0.066904118,0.057163417,0.050176005,0.043583111
real_00114.jpg,0.306195517,0.162774084,0.117605853,0.094670099,0.081255004,0.070350027,0.062327655,0.055925881,0.048895882
real_00115.jpg,0.312437474,0.177902892,0.122068207,0.092644672,0.075609702,0.064924635,0.057074098,0.050813121,0.0465252
real_00116.jpg,0.311880913,0.174745139,0.12005981,0.092550389,0.077083634,0.065994264,0.058359551,0.051964403,0.047361897
real_00117.jpg,0.306007619,0.179378315,0.124131339,0.094894872,0.076667232,0.064980425,0.057200335,0.050803989,0.045935875
real_00118.jpg,0.305305764,0.154072457,0.113335389,0.094983707,0.084216053,0.073484514,0.065336545,0.058069212,0.05119636
real_00119.jpg,0.315815945,0.177641433,0.118478566,0.09091869,0.074990761,0.065165017,0.057540063,0.052140906,0.047308619
real_00120.jpg,0.311234454,0.155197751,0.111169449,0.093362558,0.082028374,0.072124854,0.065029877,0.058121026,0.051731658
real_00121.jpg,0.295136622,0.17800714,0.128859377,0.099506855,0.080467307,0.066987095,0.05675747,0.049353355,0.044924778
real_00122.jpg,0.291651731,0.197631929,0.139052605,0.102242192,0.07664691,0.060743989,0.049959569,0.043423894,0.038647182
real_00123.jpg,0.311864058,0.170605418,0.117856815,0.092565057,0.078118182,0.067309429,0.06025553,0.053179396,0.048246114
real_00124.jpg,0.311683114,0.183207486,0.12586882,0.09433978,0.074496911,0.061843608,0.054515086,0.049318145,0.044727049
real_00125.jpg,0.282114183,0.161419642,0.125620225,0.104117239,0.08812335,0.073976941,0.063183776,0.054304765,0.047139881
real_00126.jpg,0.313187287,0.174758712,0.120323256,0.093494591,0.076153502,0.065129127,0.057595202,0.052231693,0.047126632
real_00127.jpg,0.265414313,0.188247585,0.142644391,0.108421851,0.085354909,0.068200573,0.055236185,0.046311707,0.040168487
real_00128.jpg,0.299837092,0.158576861,0.117190975,0.096991482,0.083936594,0.072813807,0.064446001,0.056164376,0.050042812
real_00129.jpg,0.325299932,0.172297551,0.114584347,0.088085796,0.073906917,0.06514725,0.058621964,0.053327812,0.048728431
real_00130.jpg,0.268427653,0.170304414,0.132869311,0.108654122,0.08896051,0.073468684,0.061374993,0.051809048,0.044131265
real_00131.jpg,0.299537442,0.126874193,0.106646664,0.098153936,0.090444639,0.081776889,0.073486964,0.065513745,0.057565529
real_00132.jpg,0.299799978,0.172702523,0.122933104,0.095991221,0.080947883,0.068449272,0.059873319,0.05232248,0.04698022
real_00133.jpg,0.301933838,0.161556187,0.117973265,0.096711336,0.082743342,0.071799661,0.062482106,0.055090882,0.049709382
real_00134.jpg,0.280779638,0.16415066,0.126793939,0.103472033,0.087842606,0.073504981,0.062914974,0.053755674,0.046785494
real_00135.jpg,0.298885174,0.166101054,0.123103392,0.097021293,0.081178586,0.070411104,0.061892175,0.053998616,0.047408606
real_00136.jpg,0.300850483,0.180710338,0.125174695,0.096820621,0.078232795,0.065927043,0.05638307,0.05041774,0.045483214
real_00137.jpg,0.292837003,0.168517258,0.124794777,0.099631919,0.083105771,0.07032155,0.061093131,0.053042572,0.046656018
real_00138.jpg,0.286525985,0.174721809,0.130319659,0.101854605,0.083086284,0.069599767,0.058108164,0.050689746,0.045093981
real_00139.jpg,0.300144465,0.175949437,0.124272816,0.096560633,0.080077789,0.067284345,0.058158078,0.051926656,0.045625781
real_00140.jpg,0.296188359,0.171623837,0.124761772,0.09729129,0.081619669,0.069709682,0.059124878,0.052618419,0.047062092
real_00141.jpg,0.310167443,0.173709442,0.119852706,0.093489891,0.077220871,0.066390607,0.059125964,0.052197596,0.04784548
real_00142.jpg,0.293121317,0.182890675,0.130438528,0.100083632,0.079520101,0.065313732,0.056458716,0.048770661,0.043402638
real_00143.jpg,0.300711561,0.183594369,0.127950366,0.097840311,0.078168891,0.064279423,0.055288361,0.048884036,0.043282682
real_00144.jpg,0.261905225,0.152669699,0.127318744,0.110199557,0.094469464,0.079786746,0.067098767,0.057383448,0.04916835
real_00145.jpg,0.303845267,0.177189585,0.125633167,0.09512166,0.078297402,0.066313417,0.05743032,0.050853439,0.045315743
real_00146.jpg,0.2859675,0.172846812,0.128795393,0.102252301,0.083846609,0.070497273,0.059309391,0.051474817,0.045009904
real_00147.jpg,0.302712584,0.17273692,0.121838467,0.096529537,0.078743833,0.068011846,0.05923012,0.052984842,0.04721185
real_00148.jpg,0.296553659,0.178237821,0.126178741,0.098997549,0.079957101,0.06728477,0.057877072,0.050367028,0.044546258
real_00149.jpg,0.29729587,0.182995549,0.130924661,0.098165015,0.078239704,0.065588757,0.054849483,0.048244761,0.043696199
real_00150.jpg,0.343178188,0.180604747,0.109932358,0.081006153,0.067508368,0.06072753,0.05624401,0.051891051,0.048907593
real_00151.jpg,0.305586662,0.178639805,0.125068427,0.096258423,0.077785342,0.064741924,0.056919764,0.050228552,0.044771101
real_00152.jpg,0.308445907,0.186719605,0.127461005,0.093797407,0.074728963,0.062103725,0.05441022,0.048364331,0.043968837
real_00153.jpg,0.291639677,0.162839057,0.121800557,0.099821801,0.08482365,0.072388668,0.063256336,0.055183189,0.048247065
real_00154.jpg,0.308126564,0.180022948,0.122763882,0.093645383,0.076131499,0.064996402,0.057789706,0.050455211,0.046068405
real_00155.jpg,0.308613982,0.180001667,0.123827387,0.093336668,0.075441814,0.064899411,0.057094031,0.051144826,0.045640213
real_00156.jpg,0.304222206,0.163843158,0.118320674,0.096153953,0.08056585,0.071114642,0.06205793,0.055045923,0.048675664
real_00157.jpg,0.294655708,0.179931536,0.129520031,0.099205886,0.07946696,0.065902006,0.057041162,0.049602943,0.044673769
real_00158.jpg,0.310886891,0.181207345,0.123007581,0.093640931,0.075414601,0.063854678,0.055743281,0.050091146,0.046153547
real_00159.jpg,0.29681219,0.16961649,0.121267345,0.097459475,0.081749615,0.07125415,0.060789243,0.053344075,0.047707416
real_00160.jpg,0.296201941,0.174208981,0.126571412,0.099272949,0.080475737,0.067573837,0.059055917,0.051004731,0.045634496
real_00161.jpg,0.288258126,0.179160751,0.131060772,0.100809353,0.081893881,0.067440549,0.057435464,0.049722575,0.044218528
real_00162.jpg,0.304579304,0.179493164,0.124766589,0.095195621,0.078201067,0.065232855,0.057530288,0.050005557,0.044995554
real_00163.jpg,0.318321256,0.181903815,0.12178789,0.09129507,0.073606233,0.062419419,0.055250522,0.049618215,0.045797581
real_00164.jpg,0.301980198,0.160016002,0.116458868,0.096634663,0.083313887,0.071957196,0.063231323,0.056672334,0.049735529
real_00165.jpg,0.306245552,0.15839597,0.113997732,0.09589875,0.082583726,0.072568271,0.063461795,0.056565224,0.050282979
real_00166.jpg,0.31412581,0.173223401,0.11930784,0.090943953,0.07688289,0.06595361,0.058892511,0.052795678,0.047874306
real_00167.jpg,0.296283229,0.167989488,0.1214097,0.097923953,0.082469587,0.071207319,0.060803471,0.053941655,0.047971597
real_00168.jpg,0.293372046,0.184026784,0.131408805,0.100081964,0.079179806,0.065257075,0.055040774,0.048255838,0.043376908
real_00169.jpg,0.318756131,0.172489489,0.116114673,0.091961976,0.076392768,0.065211169,0.059261914,0.052404016,0.047407864
real_00170.jpg,0.320489628,0.184797077,0.121114863,0.089942062,0.072290998,0.061264641,0.055034527,0.049971517,0.045094688
real_00171.jpg,0.300770908,0.16724126,0.120414485,0.097078883,0.080941203,0.070234606,0.060444765,0.054508077,0.048365813
real_00172.jpg,0.323388876,0.174163671,0.115080313,0.089183423,0.073931982,0.064850569,0.058022147,0.053099459,0.04827956
real_00173.jpg,0.308693188,0.181046028,0.124210228,0.094497574,0.075695861,0.064207005,0.05621065,0.05004251,0.045396956
real_00174.jpg,0.291839388,0.179468443,0.129324524,0.100296174,0.080903191,0.066894678,0.058084485,0.049541014,0.043648103
real_00175.jpg,0.262079197,0.195025796,0.148053687,0.112453013,0.085003765,0.065764287,0.052175797,0.042651909,0.03679255
real_00176.jpg,0.317150413,0.146554694,0.106423349,0.092135968,0.082621233,0.074309383,0.067069851,0.059524736,0.054210374
real_00177.jpg,0.287373855,0.192893105,0.138506379,0.102963568,0.078545946,0.063516938,0.052261159,0.044189562,0.039749489
real_00178.jpg,0.292216866,0.167678395,0.124066177,0.099529095,0.083615552,0.070841379,0.061509397,0.053444276,0.047098862
real_00179.jpg,0.328190326,0.183331435,0.11722611,0.085201308,0.070327888,0.060971578,0.055793383,0.051520817,0.047437155
real_00180.jpg,0.308166889,0.175323972,0.121665449,0.094241463,0.07707785,0.06684249,0.057490878,0.051902143,0.047288866
real_00181.jpg,0.310411056,0.170815024,0.11805793,0.093220598,0.078347661,0.06826097,0.059522321,0.053254619,0.048109822
real_00182.jpg,0.296378412,0.180426478,0.128701813,0.098153782,0.079302632,0.065794263,0.057223033,0.049257484,0.044762103
real_00183.jpg,0.319153607,0.17690897,0.118470046,0.08932144,0.07424975,0.064785484,0.058166611,0.052192397,0.046751695
real_00184.jpg,0.301103261,0.186754201,0.129763039,0.097209758,0.077119908,0.063100633,0.054076731,0.047872799,0.042999669
real_00185.jpg,0.315851493,0.171852115,0.116655226,0.091670581,0.076279595,0.067086134,0.059073817,0.053584977,0.047946062
real_00186.jpg,0.304490474,0.16759269,0.118804207,0.09483501,0.081008551,0.069929604,0.06142315,0.054300176,0.047616137
real_00187.jpg,0.316010494,0.174790308,0.118058219,0.091102625,0.075936456,0.065645028,0.058669201,0.052179737,0.047607931
real_00188.jpg,0.309568532,0.18105355,0.12409972,0.094662784,0.07627373,0.063680923,0.055775686,0.050032232,0.044852843
real_00189.jpg,0.306796494,0.151361938,0.110785771,0.094900893,0.083930382,0.074510022,0.066198103,0.059322434,0.052193963
real_00190.jpg,0.310399924,0.177017684,0.122300399,0.094373493,0.076230729,0.064904354,0.057243211,0.051165983,0.046364222
real_00191.jpg,0.292506348,0.16953089,0.12503681,0.10065341,0.083559749,0.070230416,0.059779196,0.052497791,0.046205391
real_00192.jpg,0.289945958,0.178616579,0.13062058,0.10149345,0.081438157,0.067526153,0.057304011,0.0495992,0.043455912
real_00193.jpg,0.301476962,0.178118957,0.127008735,0.097350026,0.078715743,0.065146363,0.056675224,0.050304505,0.045203485
real_00194.jpg,0.306807508,0.172900027,0.12149634,0.095028874,0.078916068,0.067508156,0.058737543,0.05156765,0.047037834
real_00195.jpg,0.287617799,0.171802765,0.12723373,0.102123711,0.083595417,0.070851485,0.059791185,0.051645292,0.045338616
real_00196.jpg,0.30883869,0.183807081,0.124842648,0.092908095,0.076118279,0.064010826,0.055396389,0.049913717,0.044164275
real_00197.jpg,0.285435669,0.172058754,0.130046313,0.102741838,0.084369383,0.06941971,0.059348615,0.051452877,0.04512684
real_00198.jpg,0.304286334,0.179328013,0.124638777,0.096154915,0.076926711,0.06552872,0.056881585,0.05062964,0.045625306
real_00199.jpg,0.288107151,0.173848902,0.129324691,0.101594992,0.083236326,0.068875559,0.059382284,0.050780827,0.044849266
real_00200.jpg,0.296329839,0.172437263,0.123906467,0.098684009,0.081279153,0.069161039,0.060265532,0.05165617,0.046280528
,,,,,,,,,
Mean Value,0.300436143,0.172393775,0.12332687,0.097124124,0.080265309,0.068286534,0.059346184,0.052215997,0.046605064
